4145264.33 0.001 0.0005 
4060152.15 0.003 0.0013000000000000002 
4034834.85 0.005 0.00030000000000000003 
3924563.37 0.007 0.0015 
3926008.25 0.009000000000000001 0.0013000000000000002 
3857997.75 0.011 0.0011 
3908898.97 0.013000000000000001 0.0013000000000000002 
3715272.59 0.015 0.0009000000000000001 
3769496.37 0.017 0.00030000000000000003 
3649893.84 0.019 0.0005 
3640191.06 0.021 0.0019 
3667462.14 0.023 0.0017000000000000001 
3404714.45 0.025 0.0005 
3464290.18 0.027 0.0005 
3485826.41 0.029 0.0001 
3382788.63 0.031 0.0001 
3535074.5 0.033 0.0009000000000000001 
3402777.39 0.035 0.0001 
3423884.6 0.037 0.00030000000000000003 
3434022.47 0.039 0.0001 
