4332783.66 0.001 0.0017000000000000001 
4306099.63 0.003 0.0017000000000000001 
4177932.35 0.005 0.00030000000000000003 
4193770.01 0.007 0.00030000000000000003 
4054694.22 0.009000000000000001 0.0005 
3976509.78 0.011 0.0009000000000000001 
4080888.66 0.013000000000000001 0.0009000000000000001 
3912931.25 0.015 0.00030000000000000003 
3879386.29 0.017 0.0005 
3860512.29 0.019 0.0015 
3712683.56 0.021 0.0001 
3727271.32 0.023 0.00030000000000000003 
3799095.33 0.025 0.0013000000000000002 
3604692.58 0.027 0.00030000000000000003 
3793845.04 0.029 0.0001 
3646240.98 0.031 0.0001 
3803806.73 0.033 0.0005 
3609245.49 0.035 0.0017000000000000001 
3631694.12 0.037 0.0005 
3709463.86 0.039 0.0001 
