3732436.71 0.015 0.0013000000000000002 
3715283.85 0.019 0.00030000000000000003 
3590777.35 0.023 0.0011 
3602037.53 0.027 0.00030000000000000003 
3492930.17 0.031 0.00030000000000000003 
3382003.2 0.035 0.00030000000000000003 
3210030.19 0.039 0.0009000000000000001 
3402730.11 0.043000000000000003 0.0007 
3476301.4 0.047 0.00030000000000000003 
3480083.92 0.051000000000000004 0.0005 
3505763.53 0.055 0.00030000000000000003 
3449505.24 0.059000000000000004 0.0007 
3369492.14 0.063 0.00030000000000000003 
3208156.75 0.067 0.00030000000000000003 
3289713.09 0.07100000000000001 0.0009000000000000001 
3313662.92 0.075 0.0005 
3396489.06 0.079 0.0001 
