3935223.69 0.015 0.0019 
3734306.78 0.019 0.0001 
3690626.93 0.023 0.0001 
3619886.07 0.027 0.0015 
3568793.86 0.031 0.0011 
3606777.86 0.035 0.0001 
3598198.38 0.039 0.0007 
3530177.23 0.043000000000000003 0.0005 
3491363.73 0.047 0.00030000000000000003 
3512894.27 0.051000000000000004 0.0005 
3526546.83 0.055 0.0001 
3402011.41 0.059000000000000004 0.0015 
3486045.61 0.063 0.0001 
3520324.99 0.067 0.00030000000000000003 
3440987.55 0.07100000000000001 0.0013000000000000002 
3235216.56 0.075 0.0001 
3372951.94 0.079 0.00030000000000000003 
