2703500.12 0.015 0.0009000000000000001 
2618501.26 0.019 0.0019 
2489262.41 0.023 0.00030000000000000003 
2365070.04 0.027 0.0005 
2411866.72 0.031 0.0001 
2398183.33 0.035 0.0001 
2449438.02 0.039 0.0001 
2346153.55 0.043000000000000003 0.0001 
2411857.57 0.047 0.00030000000000000003 
2349205.29 0.051000000000000004 0.0001 
2307453.52 0.055 0.0007 
2290017.16 0.059000000000000004 0.00030000000000000003 
2242897.35 0.063 0.00030000000000000003 
2208363.24 0.067 0.00030000000000000003 
2297349.02 0.07100000000000001 0.0001 
2223837.13 0.075 0.0001 
2285498.51 0.079 0.0015 
