2808200.13 0.015 0.0019 
2627837.02 0.019 0.0013000000000000002 
2634259.58 0.023 0.0007 
2542142.8 0.027 0.00030000000000000003 
2566140.805 0.031 0.00030000000000000003 
2439649.91 0.035 0.0001 
2443836.36 0.039 0.0007 
2350457.415 0.043000000000000003 0.00030000000000000003 
2434393.14 0.047 0.0005 
2389638.32 0.051000000000000004 0.0005 
2416523.935 0.055 0.0015 
2361181.92 0.059000000000000004 0.0001 
2462172.35 0.063 0.0013000000000000002 
2332645.56 0.067 0.0001 
2375734.29 0.07100000000000001 0.0001 
2308730.43 0.075 0.0001 
2348779.1 0.079 0.0005 
