2707598.59 0.015 0.00030000000000000003 
2645874.52 0.019 0.0019 
2503229.08 0.023 0.0005 
2389453.66 0.027 0.0007 
2335426.06 0.031 0.00030000000000000003 
2431340.31 0.035 0.0001 
2337380.15 0.039 0.00030000000000000003 
2314442.68 0.043000000000000003 0.0005 
2313248.69 0.047 0.0005 
2271502.99 0.051000000000000004 0.0005 
2354551.58 0.055 0.0001 
2325894.62 0.059000000000000004 0.0005 
2400679.46 0.063 0.0005 
2331591.02 0.067 0.0011 
2325267.36 0.07100000000000001 0.00030000000000000003 
2276540.16 0.075 0.0017000000000000001 
2345885.9 0.079 0.0007 
