2811214.83 0.015 0.0007 
2632609.48 0.019 0.0001 
2572904.52 0.023 0.00030000000000000003 
2394711.49 0.027 0.0001 
2489976.622 0.031 0.00030000000000000003 
2502530.78 0.035 0.00030000000000000003 
2374026.06 0.039 0.0007 
2406102.87 0.043000000000000003 0.0001 
2437298.532 0.047 0.0015 
2287370.61 0.051000000000000004 0.0005 
2362660.172 0.055 0.0001 
2413952.62 0.059000000000000004 0.00030000000000000003 
2457382.4 0.063 0.0001 
2466467.97 0.067 0.0001 
2173631.31 0.07100000000000001 0.0001 
2372287.992 0.075 0.00030000000000000003 
2342699.21 0.079 0.0013000000000000002 
