2737162.69 0.015 0.0007 
2698945.93 0.019 0.0011 
2569423.65 0.023 0.0001 
2528820.03 0.027 0.00030000000000000003 
2481090.34 0.031 0.0015 
2367097.28 0.035 0.0005 
2434360.74 0.039 0.00030000000000000003 
2413213.31 0.043000000000000003 0.00030000000000000003 
2360785.46 0.047 0.00030000000000000003 
2489026.7 0.051000000000000004 0.0001 
2339028.73 0.055 0.0005 
2470622.26 0.059000000000000004 0.0009000000000000001 
2238344.11 0.063 0.00030000000000000003 
2475872.62 0.067 0.00030000000000000003 
2396826.71 0.07100000000000001 0.00030000000000000003 
2341934.85 0.075 0.0005 
2362967.55 0.079 0.00030000000000000003 
