2744822.38 0.015 0.0005 
2735918.97 0.019 0.0005 
2619537.76 0.023 0.00030000000000000003 
2586770.3 0.027 0.0005 
2479215.4 0.031 0.00030000000000000003 
2527702.72 0.035 0.0007 
2468854.09 0.039 0.00030000000000000003 
2336044.38 0.043000000000000003 0.0005 
2558936.42 0.047 0.0009000000000000001 
2429193.67 0.051000000000000004 0.0005 
2366090.4 0.055 0.0001 
2403093.17 0.059000000000000004 0.0001 
2381132.17 0.063 0.00030000000000000003 
2357153.11 0.067 0.0015 
2368743.52 0.07100000000000001 0.0005 
2363263.2 0.075 0.0009000000000000001 
2383434.42 0.079 0.0009000000000000001 
