2442616.4518 0.015 0.0009000000000000001 
2278163.6506 0.019 0.0001 
2108389.8701 0.023 0.0001 
2096091.6764 0.027 0.0001 
2112746.9331 0.031 0.0001 
1930547.8084 0.035 0.0001 
1961831.1689 0.039 0.0009000000000000001 
1971859.4415 0.043000000000000003 0.0001 
1921096.8811 0.047 0.0001 
1773060.2434 0.051000000000000004 0.00030000000000000003 
1854250.0752 0.055 0.0001 
1904691.8424 0.059000000000000004 0.00030000000000000003 
1912791.1405 0.063 0.0005 
1982036.4318 0.067 0.0015 
1810474.3358 0.07100000000000001 0.0005 
1847157.007 0.075 0.0001 
1917934.6935 0.079 0.00030000000000000003 
