2354825.7601 0.015 0.0001 
2224125.7544 0.019 0.0015 
2213247.0619 0.023 0.0015 
2064095.0723 0.027 0.0001 
2060792.5406 0.031 0.0001 
1994105.8464 0.035 0.00030000000000000003 
1799789.8622 0.039 0.00030000000000000003 
1759524.3486 0.043000000000000003 0.0005 
1795230.9804 0.047 0.00030000000000000003 
2004538.8287 0.051000000000000004 0.0001 
1842505.1794 0.055 0.00030000000000000003 
1939026.9299 0.059000000000000004 0.0001 
1874858.2913 0.063 0.0001 
1892315.1107 0.067 0.0005 
1854523.0369 0.07100000000000001 0.0001 
1921213.7427 0.075 0.0007 
1768139.6812 0.079 0.0011 
