1899114.1656 0.015 0.0007 
1752988.9281 0.019 0.0007 
1762522.6212 0.023 0.0001 
1566590.5118 0.027 0.0001 
1413976.4791 0.031 0.0011 
1454362.9242 0.035 0.00030000000000000003 
1568255.0605 0.039 0.0007 
1416327.5804 0.043000000000000003 0.0001 
1516075.381 0.047 0.00030000000000000003 
1420103.0621 0.051000000000000004 0.00030000000000000003 
1443181.4012 0.055 0.0009000000000000001 
1503001.3604 0.059000000000000004 0.0005 
1336845.4501 0.063 0.0001 
1379100.5591 0.067 0.0011 
1419121.1931 0.07100000000000001 0.0001 
1266050.4215 0.075 0.0005 
1319671.8099 0.079 0.0001 
