2319347.0694 0.015 0.0005 
2295880.8506 0.019 0.0019 
2129672.5359 0.023 0.0005 
2051426.6669 0.027 0.0001 
2032307.3908 0.031 0.0001 
1948248.8323 0.035 0.0001 
1851244.9695 0.039 0.0007 
1909542.1542 0.043000000000000003 0.00030000000000000003 
1861335.26506 0.047 0.00030000000000000003 
1758827.55966 0.051000000000000004 0.0001 
1755259.0399 0.055 0.0001 
1822556.4472 0.059000000000000004 0.0001 
1945849.5785 0.063 0.0005 
1856025.3936 0.067 0.0005 
1884401.0566 0.07100000000000001 0.0005 
1899422.699 0.075 0.0001 
1752228.6128 0.079 0.0001 
