1829814.5486 0.015 0.0007 
1751669.9615 0.019 0.0005 
1711980.8742 0.023 0.0007 
1658749.1851 0.027 0.0013000000000000002 
1571859.905 0.031 0.0005 
1540429.4915 0.035 0.0007 
1475789.6174 0.039 0.0001 
1474730.2026 0.043000000000000003 0.0011 
1529030.7524 0.047 0.0001 
1403716.3499 0.051000000000000004 0.00030000000000000003 
1450360.5022 0.055 0.00030000000000000003 
1488337.1826 0.059000000000000004 0.00030000000000000003 
1397438.6377 0.063 0.0001 
1363113.2338 0.067 0.0001 
1281216.3592 0.07100000000000001 0.0007 
1287281.56645 0.075 0.0007 
1429847.8252 0.079 0.0005 
