2057860.8219 0.015 0.0005 
2001132.6177 0.019 0.0005 
1884033.82527 0.023 0.0001 
1869878.0288 0.027 0.0007 
1794418.1612 0.031 0.0009000000000000001 
1681400.7373 0.035 0.00030000000000000003 
1702291.3737 0.039 0.0017000000000000001 
1579074.0634 0.043000000000000003 0.0013000000000000002 
1707791.2581 0.047 0.00030000000000000003 
1674120.0569 0.051000000000000004 0.00030000000000000003 
1618879.1299 0.055 0.00030000000000000003 
1675830.02167 0.059000000000000004 0.0001 
1619384.9879 0.063 0.00030000000000000003 
1559544.8426 0.067 0.0001 
1644617.3273 0.07100000000000001 0.0007 
1477825.4918 0.075 0.0001 
1443664.705 0.079 0.0001 
