10 0.000010168444 0.000000221507
20 0.000010745732 0.000000224565
30 0.000010768571 0.000000232969
40 0.000010719706 0.000000229608
50 0.000011072607 0.000000233490
60 0.000011123061 0.000000237100
70 0.000011214279 0.000000236093
80 0.000011219345 0.000000235332
90 0.000011404422 0.000000239186
100 0.000011318246 0.000000241914
110 0.000011694661 0.000000253366
120 0.000011997580 0.000000253116
130 0.000011925423 0.000000256971
140 0.000011983526 0.000000251520
150 0.000012109873 0.000000257545
160 0.000012206182 0.000000260902
170 0.000011986670 0.000000263283
180 0.000012131566 0.000000255644
190 0.000012339834 0.000000259652
200 0.000012322808 0.000000257853
210 0.000012004317 0.000000258795
220 0.000012295554 0.000000260146
230 0.000012252251 0.000000259507
240 0.000012226840 0.000000268900
250 0.000011371321 0.000000255091
260 0.000012125411 0.000000258756
270 0.000012412105 0.000000272868
280 0.000012338908 0.000000264182
290 0.000012479166 0.000000262813
300 0.000012600071 0.000000269527
310 0.000012272782 0.000000266172
320 0.000012396492 0.000000263846
330 0.000012514030 0.000000264707
340 0.000012601758 0.000000265458
350 0.000012689102 0.000000268632
360 0.000012718193 0.000000265111
370 0.000012731300 0.000000266067
380 0.000012694992 0.000000266152
390 0.000012721014 0.000000271648
400 0.000013003423 0.000000277274
410 0.000012882366 0.000000274699
420 0.000013091065 0.000000278366
430 0.000012692541 0.000000275324
440 0.000013213904 0.000000283220
450 0.000013006796 0.000000280313
460 0.000013106217 0.000000277724
470 0.000013120664 0.000000286961
480 0.000013317348 0.000000284299
490 0.000013133865 0.000000280456
500 0.000013171302 0.000000276362
510 0.000013008701 0.000000272031
520 0.000013027318 0.000000273629
530 0.000013016445 0.000000286028
540 0.000012860874 0.000000271134
550 0.000012885962 0.000000273403
560 0.000012725832 0.000000272273
570 0.000013149842 0.000000277441
580 0.000013431083 0.000000282558
590 0.000013310064 0.000000279679
600 0.000013408829 0.000000280344
610 0.000013386456 0.000000285317
620 0.000013359208 0.000000284226
630 0.000013407816 0.000000282822
640 0.000013520105 0.000000287303
650 0.000013518360 0.000000288791
660 0.000013733796 0.000000286449
670 0.000013501727 0.000000289559
680 0.000013672965 0.000000287787
690 0.000013547170 0.000000288812
700 0.000013807960 0.000000288606
710 0.000013662843 0.000000284220
720 0.000013789949 0.000000290480
730 0.000013845929 0.000000294015
740 0.000013966811 0.000000298868
750 0.000013867056 0.000000296039
760 0.000014022304 0.000000301262
770 0.000014197913 0.000000299243
780 0.000014076449 0.000000298638
790 0.000014148052 0.000000295018
800 0.000014329874 0.000000300920
810 0.000014069280 0.000000298315
820 0.000013644859 0.000000295438
830 0.000014349082 0.000000301843
840 0.000014220437 0.000000296022
850 0.000014469407 0.000000290672
860 0.000014473656 0.000000290672
870 0.000014475536 0.000000290672
880 0.000014474048 0.000000290672
890 0.000014469582 0.000000290672
900 0.000014477025 0.000000290672
910 0.000014474048 0.000000290672
920 0.000014475536 0.000000290672
930 0.000014466605 0.000000290672
940 0.000014474048 0.000000290672
950 0.000014481490 0.000000290672
960 0.000014463628 0.000000290672
970 0.000014466605 0.000000290672
980 0.000014475536 0.000000290672
990 0.000014468094 0.000000290672
1000 0.000014481490 0.000000290672
1010 0.000014471071 0.000000290672
1020 0.000014459163 0.000000289183
1030 0.000014465117 0.000000290672
1040 0.000014462140 0.000000290672
1050 0.000014460651 0.000000290672
1060 0.000014469582 0.000000290672
1070 0.000014472559 0.000000290672
1080 0.000014466605 0.000000290672
1090 0.000014465117 0.000000290672
1100 0.000014459163 0.000000289183
1110 0.000014465117 0.000000290672
1120 0.000014459163 0.000000289183
1130 0.000014460651 0.000000290672
1140 0.000014468094 0.000000290672
1150 0.000014471071 0.000000290672
1160 0.000014477025 0.000000290672
1170 0.000014469582 0.000000290672
1180 0.000014474048 0.000000290672
1190 0.000014463628 0.000000290672
1200 0.000014478513 0.000000290672
1210 0.000014459163 0.000000289183
1220 0.000014459163 0.000000289183
1230 0.000014463628 0.000000290672
1240 0.000014465117 0.000000290672
1250 0.000014469582 0.000000290672
1260 0.000014463628 0.000000290672
1270 0.000014462140 0.000000290672
1280 0.000014465117 0.000000290672
1290 0.000014459163 0.000000289183
1300 0.000014460651 0.000000290672
1310 0.000014459163 0.000000289183
1320 0.000014463628 0.000000290672
1330 0.000014469582 0.000000290672
1340 0.000014477025 0.000000290672
1350 0.000014469582 0.000000290672
1360 0.000014477025 0.000000290672
1370 0.000014465117 0.000000290672
1380 0.000014477025 0.000000290672
1390 0.000014472559 0.000000290672
1400 0.000014471071 0.000000290672
1410 0.000014468094 0.000000290672
1420 0.000014462140 0.000000290672
1430 0.000014465117 0.000000290672
1440 0.000014474048 0.000000290672
1450 0.000014468094 0.000000290672
1460 0.000014472559 0.000000290672
1470 0.000014462140 0.000000290672
1480 0.000014459163 0.000000289183
1490 0.000014469582 0.000000290672
1500 0.000014468094 0.000000290672
1510 0.000014463628 0.000000290672
1520 0.000014468094 0.000000290672
1530 0.000014468094 0.000000290672
1540 0.000014466605 0.000000290672
1550 0.000014460651 0.000000290672
1560 0.000014465117 0.000000290672
1570 0.000014462140 0.000000290672
1580 0.000014460651 0.000000290672
1590 0.000014474048 0.000000290672
1600 0.000014469582 0.000000290672
1610 0.000014478513 0.000000290672
1620 0.000014481490 0.000000290672
1630 0.000014460651 0.000000290672
1640 0.000014459163 0.000000289183
1650 0.000014460651 0.000000290672
1660 0.000014462140 0.000000290672
1670 0.000014478513 0.000000290672
1680 0.000014475536 0.000000290672
1690 0.000014475536 0.000000290672
1700 0.000014463628 0.000000290672
1710 0.000014466605 0.000000290672
1720 0.000014474048 0.000000290672
1730 0.000014474048 0.000000290672
1740 0.000014475536 0.000000290672
1750 0.000014466605 0.000000290672
1760 0.000014459163 0.000000289183
1770 0.000014463628 0.000000290672
1780 0.000014459163 0.000000289183
1790 0.000014469582 0.000000290672
1800 0.000014469582 0.000000290672
1810 0.000014462140 0.000000290672
1820 0.000014468094 0.000000290672
1830 0.000014463628 0.000000290672
1840 0.000014471071 0.000000290672
1850 0.000014474048 0.000000290672
1860 0.000014463628 0.000000290672
1870 0.000014480002 0.000000290672
1880 0.000014478513 0.000000290672
1890 0.000014480002 0.000000290672
1900 0.000014475536 0.000000290672
1910 0.000014471071 0.000000290672
1920 0.000014465117 0.000000290672
1930 0.000014471071 0.000000290672
1940 0.000014468094 0.000000290672
1950 0.000014472559 0.000000290672
1960 0.000014478513 0.000000290672
1970 0.000014472559 0.000000290672
1980 0.000014471071 0.000000290672
1990 0.000014469582 0.000000290672
2000 0.000014474048 0.000000290672
2010 0.000014471071 0.000000290672
2020 0.000014468094 0.000000290672
2030 0.000014472559 0.000000290672
2040 0.000014474048 0.000000290672
2050 0.000014474048 0.000000290672
2060 0.000014472559 0.000000290672
2070 0.000014472559 0.000000290672
2080 0.000014472559 0.000000290672
2090 0.000014469582 0.000000290672
2100 0.000014472559 0.000000290672
2110 0.000014463628 0.000000290672
2120 0.000014462140 0.000000290672
2130 0.000014459163 0.000000289183
2140 0.000014460651 0.000000290672
2150 0.000014459163 0.000000289183
2160 0.000014468094 0.000000290672
2170 0.000014463628 0.000000290672
2180 0.000014478513 0.000000290672
2190 0.000014466605 0.000000290672
2200 0.000014463628 0.000000290672
2210 0.000014459163 0.000000289183
2220 0.000014465117 0.000000290672
2230 0.000014468094 0.000000290672
2240 0.000014481490 0.000000290672
2250 0.000014466605 0.000000290672
2260 0.000014459163 0.000000289183
2270 0.000014477025 0.000000290672
2280 0.000014468094 0.000000290672
2290 0.000014463628 0.000000290672
2300 0.000014468094 0.000000290672
2310 0.000014462140 0.000000290672
2320 0.000014472559 0.000000290672
2330 0.000014459163 0.000000289183
2340 0.000014459163 0.000000289183
2350 0.000014465117 0.000000290672
2360 0.000014474048 0.000000290672
2370 0.000014468094 0.000000290672
2380 0.000014463628 0.000000290672
2390 0.000014460651 0.000000290672
2400 0.000014474048 0.000000290672
2410 0.000014465117 0.000000290672
2420 0.000014459163 0.000000289183
2430 0.000014463628 0.000000290672
2440 0.000014472559 0.000000290672
2450 0.000014478513 0.000000290672
2460 0.000014463628 0.000000290672
2470 0.000014462140 0.000000290672
2480 0.000014466605 0.000000290672
2490 0.000014469582 0.000000290672
2500 0.000014466605 0.000000290672
2510 0.000014474048 0.000000290672
2520 0.000014469582 0.000000290672
2530 0.000014469582 0.000000290672
2540 0.000014472559 0.000000290672
2550 0.000014480002 0.000000290672
2560 0.000014469582 0.000000290672
2570 0.000014463628 0.000000290672
2580 0.000014460651 0.000000290672
2590 0.000014465117 0.000000290672
2600 0.000014469582 0.000000290672
2610 0.000014480002 0.000000290672
2620 0.000014465117 0.000000290672
2630 0.000014469582 0.000000290672
2640 0.000014459163 0.000000289183
2650 0.000014462140 0.000000290672
2660 0.000014478513 0.000000290672
2670 0.000014465117 0.000000290672
2680 0.000014466605 0.000000290672
2690 0.000014465117 0.000000290672
2700 0.000014465117 0.000000290672
2710 0.000014465117 0.000000290672
2720 0.000014466605 0.000000290672
2730 0.000014462140 0.000000290672
2740 0.000014468094 0.000000290672
2750 0.000014463628 0.000000290672
2760 0.000014463628 0.000000290672
2770 0.000014466605 0.000000290672
2780 0.000014472559 0.000000290672
2790 0.000014471071 0.000000290672
2800 0.000014487444 0.000000290672
2810 0.000014463628 0.000000290672
2820 0.000014460651 0.000000290672
2830 0.000014463628 0.000000290672
2840 0.000014468094 0.000000290672
2850 0.000014477025 0.000000290672
2860 0.000014463628 0.000000290672
2870 0.000014478513 0.000000290672
2880 0.000014481490 0.000000290672
2890 0.000014472559 0.000000290672
2900 0.000014474048 0.000000290672
2910 0.000014465117 0.000000290672
2920 0.000014462140 0.000000290672
2930 0.000014469582 0.000000290672
2940 0.000014465117 0.000000290672
2950 0.000014466605 0.000000290672
2960 0.000014465117 0.000000290672
2970 0.000014465117 0.000000290672
2980 0.000014472559 0.000000290672
2990 0.000014469582 0.000000290672
3000 0.000014468094 0.000000290672
3010 0.000014462140 0.000000290672
3020 0.000014460651 0.000000290672
3030 0.000014459163 0.000000289183
3040 0.000014468094 0.000000290672
3050 0.000014463628 0.000000290672
3060 0.000014465117 0.000000290672
3070 0.000014471071 0.000000290672
3080 0.000014475536 0.000000290672
3090 0.000014477025 0.000000290672
3100 0.000014469582 0.000000290672
3110 0.000014468094 0.000000290672
3120 0.000014459163 0.000000289183
3130 0.000014469582 0.000000290672
3140 0.000014481490 0.000000290672
3150 0.000014474048 0.000000290672
3160 0.000014459163 0.000000289183
3170 0.000014466605 0.000000290672
3180 0.000014471071 0.000000290672
3190 0.000014465117 0.000000290672
3200 0.000014475536 0.000000290672
3210 0.000014465117 0.000000290672
3220 0.000014465117 0.000000290672
3230 0.000014459163 0.000000289183
3240 0.000014459163 0.000000289183
3250 0.000014462140 0.000000290672
3260 0.000014472559 0.000000290672
3270 0.000014471071 0.000000290672
3280 0.000014468094 0.000000290672
3290 0.000014462140 0.000000290672
3300 0.000014462140 0.000000290672
3310 0.000014474048 0.000000290672
3320 0.000014463628 0.000000290672
3330 0.000014460651 0.000000290672
3340 0.000014469582 0.000000290672
3350 0.000014466605 0.000000290672
3360 0.000014459163 0.000000289183
3370 0.000014460651 0.000000290672
3380 0.000014469582 0.000000290672
3390 0.000014474048 0.000000290672
3400 0.000014474048 0.000000290672
3410 0.000014475536 0.000000290672
3420 0.000014472559 0.000000290672
3430 0.000014469582 0.000000290672
3440 0.000014465117 0.000000290672
3450 0.000014468094 0.000000290672
3460 0.000014474048 0.000000290672
3470 0.000014472559 0.000000290672
3480 0.000014475536 0.000000290672
3490 0.000014478513 0.000000290672
3500 0.000014474048 0.000000290672
3510 0.000014471071 0.000000290672
3520 0.000014466605 0.000000290672
3530 0.000014466605 0.000000290672
3540 0.000014481490 0.000000290672
3550 0.000014469582 0.000000290672
3560 0.000014468094 0.000000290672
3570 0.000014462140 0.000000290672
3580 0.000014462140 0.000000290672
3590 0.000014460651 0.000000290672
3600 0.000014465117 0.000000290672
3610 0.000014459163 0.000000289183
3620 0.000014469582 0.000000290672
3630 0.000014459163 0.000000289183
3640 0.000014472559 0.000000290672
3650 0.000014471071 0.000000290672
3660 0.000014462140 0.000000290672
3670 0.000014462140 0.000000290672
3680 0.000014459163 0.000000289183
3690 0.000014462140 0.000000290672
3700 0.000014466605 0.000000290672
3710 0.000014472559 0.000000290672
3720 0.000014459163 0.000000289183
3730 0.000014459163 0.000000289183
3740 0.000014459163 0.000000289183
3750 0.000014469582 0.000000290672
3760 0.000014474048 0.000000290672
3770 0.000014469582 0.000000290672
3780 0.000014463628 0.000000290672
3790 0.000014471071 0.000000290672
3800 0.000014474048 0.000000290672
3810 0.000014468094 0.000000290672
3820 0.000014474048 0.000000290672
3830 0.000014478513 0.000000290672
3840 0.000014475536 0.000000290672
3850 0.000014463628 0.000000290672
3860 0.000014484467 0.000000290672
3870 0.000014459163 0.000000289183
3880 0.000014466605 0.000000290672
3890 0.000014459163 0.000000289183
3900 0.000014463628 0.000000290672
3910 0.000014468094 0.000000290672
3920 0.000014466605 0.000000290672
3930 0.000014460651 0.000000290672
3940 0.000014462140 0.000000290672
3950 0.000014459163 0.000000289183
3960 0.000014460651 0.000000290672
3970 0.000014475536 0.000000290672
3980 0.000014468094 0.000000290672
3990 0.000014459163 0.000000289183
4000 0.000014460651 0.000000290672
4010 0.000014466605 0.000000290672
4020 0.000014462140 0.000000290672
4030 0.000014475536 0.000000290672
4040 0.000014459163 0.000000289183
4050 0.000014465117 0.000000290672
4060 0.000014459163 0.000000289183
4070 0.000014462140 0.000000290672
4080 0.000014474048 0.000000290672
4090 0.000014465117 0.000000290672
4100 0.000014459163 0.000000289183
4110 0.000014465117 0.000000290672
4120 0.000014459163 0.000000289183
4130 0.000014459163 0.000000289183
4140 0.000014466605 0.000000290672
4150 0.000014459163 0.000000289183
4160 0.000014462140 0.000000290672
4170 0.000014466605 0.000000290672
4180 0.000014466605 0.000000290672
4190 0.000014459163 0.000000289183
4200 0.000014462140 0.000000290672
4210 0.000014477025 0.000000290672
4220 0.000014462140 0.000000290672
4230 0.000014471071 0.000000290672
4240 0.000014460651 0.000000290672
4250 0.000014459163 0.000000289183
4260 0.000014472559 0.000000290672
4270 0.000014477025 0.000000290672
4280 0.000014474048 0.000000290672
4290 0.000014472559 0.000000290672
4300 0.000014462140 0.000000290672
4310 0.000014465117 0.000000290672
4320 0.000014463628 0.000000290672
4330 0.000014472559 0.000000290672
4340 0.000014468094 0.000000290672
4350 0.000014474048 0.000000290672
4360 0.000014469582 0.000000290672
4370 0.000014463628 0.000000290672
4380 0.000014471071 0.000000290672
4390 0.000014459163 0.000000289183
4400 0.000014474048 0.000000290672
4410 0.000014465117 0.000000290672
4420 0.000014460651 0.000000290672
4430 0.000014463628 0.000000290672
4440 0.000014459163 0.000000289183
4450 0.000014460651 0.000000290672
4460 0.000014471071 0.000000290672
4470 0.000014472559 0.000000290672
4480 0.000014466605 0.000000290672
4490 0.000014471071 0.000000290672
4500 0.000014480002 0.000000290672
4510 0.000014480002 0.000000290672
4520 0.000014469582 0.000000290672
4530 0.000014475536 0.000000290672
4540 0.000014471071 0.000000290672
4550 0.000014484467 0.000000290672
4560 0.000014472559 0.000000290672
4570 0.000014475536 0.000000290672
4580 0.000014478513 0.000000290672
4590 0.000014469582 0.000000290672
4600 0.000014468094 0.000000290672
4610 0.000014472559 0.000000290672
4620 0.000014475536 0.000000290672
4630 0.000014469582 0.000000290672
4640 0.000014460651 0.000000290672
4650 0.000014459163 0.000000289183
4660 0.000014471071 0.000000290672
4670 0.000014480002 0.000000290672
4680 0.000014469582 0.000000290672
4690 0.000014462140 0.000000290672
4700 0.000014459163 0.000000289183
4710 0.000014471071 0.000000290672
4720 0.000014474048 0.000000290672
4730 0.000014471071 0.000000290672
4740 0.000014463628 0.000000290672
4750 0.000014465117 0.000000290672
4760 0.000014463628 0.000000290672
4770 0.000014462140 0.000000290672
4780 0.000014460651 0.000000290672
4790 0.000014468094 0.000000290672
4800 0.000014463628 0.000000290672
4810 0.000014459163 0.000000289183
4820 0.000014459163 0.000000289183
4830 0.000014462140 0.000000290672
4840 0.000014487444 0.000000290672
4850 0.000014466605 0.000000290672
4860 0.000014472559 0.000000290672
4870 0.000014460651 0.000000290672
4880 0.000014462140 0.000000290672
4890 0.000014462140 0.000000290672
4900 0.000014460651 0.000000290672
4910 0.000014460651 0.000000290672
4920 0.000014460651 0.000000290672
4930 0.000014465117 0.000000290672
4940 0.000014460651 0.000000290672
4950 0.000014465117 0.000000290672
4960 0.000014468094 0.000000290672
4970 0.000014474048 0.000000290672
4980 0.000014475536 0.000000290672
4990 0.000014475536 0.000000290672
5000 0.000014469582 0.000000290672
5010 0.000014478513 0.000000290672
5020 0.000014460651 0.000000290672
5030 0.000014460651 0.000000290672
5040 0.000014472559 0.000000290672
5050 0.000014459163 0.000000289183
5060 0.000014462140 0.000000290672
5070 0.000014474048 0.000000290672
5080 0.000014462140 0.000000290672
5090 0.000014477025 0.000000290672
5100 0.000014459163 0.000000289183
5110 0.000014463628 0.000000290672
5120 0.000014480002 0.000000290672
5130 0.000014466605 0.000000290672
5140 0.000014471071 0.000000290672
5150 0.000014471071 0.000000290672
5160 0.000014463628 0.000000290672
5170 0.000014463628 0.000000290672
5180 0.000014462140 0.000000290672
5190 0.000014459163 0.000000289183
5200 0.000014460651 0.000000290672
5210 0.000014460651 0.000000290672
5220 0.000014474048 0.000000290672
5230 0.000014465117 0.000000290672
5240 0.000014468094 0.000000290672
5250 0.000014465117 0.000000290672
5260 0.000014471071 0.000000290672
5270 0.000014471071 0.000000290672
5280 0.000014480002 0.000000290672
5290 0.000014468094 0.000000290672
5300 0.000014472559 0.000000290672
5310 0.000014465117 0.000000290672
5320 0.000014459163 0.000000289183
5330 0.000014466605 0.000000290672
5340 0.000014466605 0.000000290672
5350 0.000014462140 0.000000290672
5360 0.000014472559 0.000000290672
5370 0.000014469582 0.000000290672
5380 0.000014469582 0.000000290672
5390 0.000014463628 0.000000290672
5400 0.000014463628 0.000000290672
5410 0.000014468094 0.000000290672
5420 0.000014487444 0.000000290672
5430 0.000014460651 0.000000290672
5440 0.000014472559 0.000000290672
5450 0.000014466605 0.000000290672
5460 0.000014474048 0.000000290672
5470 0.000014481490 0.000000290672
5480 0.000014475536 0.000000290672
5490 0.000014478513 0.000000290672
5500 0.000014462140 0.000000290672
5510 0.000014468094 0.000000290672
5520 0.000014463628 0.000000290672
5530 0.000014460651 0.000000290672
5540 0.000014478513 0.000000290672
5550 0.000014469582 0.000000290672
5560 0.000014472559 0.000000290672
5570 0.000014474048 0.000000290672
5580 0.000014468094 0.000000290672
5590 0.000014462140 0.000000290672
5600 0.000014475536 0.000000290672
5610 0.000014459163 0.000000289183
5620 0.000014463628 0.000000290672
5630 0.000014465117 0.000000290672
5640 0.000014463628 0.000000290672
5650 0.000014459163 0.000000289183
5660 0.000014471071 0.000000290672
5670 0.000014466605 0.000000290672
5680 0.000014477025 0.000000290672
5690 0.000014465117 0.000000290672
5700 0.000014465117 0.000000290672
5710 0.000014463628 0.000000290672
5720 0.000014459163 0.000000289183
5730 0.000014471071 0.000000290672
5740 0.000014466605 0.000000290672
5750 0.000014460651 0.000000290672
5760 0.000014471071 0.000000290672
5770 0.000014466605 0.000000290672
5780 0.000014471071 0.000000290672
5790 0.000014474048 0.000000290672
5800 0.000014471071 0.000000290672
5810 0.000014471071 0.000000290672
5820 0.000014471071 0.000000290672
5830 0.000014463628 0.000000290672
5840 0.000014459163 0.000000289183
5850 0.000014468094 0.000000290672
5860 0.000014478513 0.000000290672
5870 0.000014471071 0.000000290672
5880 0.000014477025 0.000000290672
5890 0.000014472559 0.000000290672
5900 0.000014463628 0.000000290672
5910 0.000014471071 0.000000290672
5920 0.000014472559 0.000000290672
5930 0.000014465117 0.000000290672
5940 0.000014474048 0.000000290672
5950 0.000014474048 0.000000290672
5960 0.000014459163 0.000000289183
5970 0.000014472559 0.000000290672
5980 0.000014463628 0.000000290672
5990 0.000014471071 0.000000290672
6000 0.000014478513 0.000000290672
6010 0.000014472559 0.000000290672
6020 0.000014471071 0.000000290672
6030 0.000014465117 0.000000290672
6040 0.000014459163 0.000000289183
6050 0.000014477025 0.000000290672
6060 0.000014460651 0.000000290672
6070 0.000014466605 0.000000290672
6080 0.000014478513 0.000000290672
6090 0.000014475536 0.000000290672
6100 0.000014463628 0.000000290672
6110 0.000014466605 0.000000290672
6120 0.000014469582 0.000000290672
6130 0.000014466605 0.000000290672
6140 0.000014471071 0.000000290672
6150 0.000014468094 0.000000290672
6160 0.000014463628 0.000000290672
6170 0.000014471071 0.000000290672
6180 0.000014468094 0.000000290672
6190 0.000014466605 0.000000290672
6200 0.000014471071 0.000000290672
6210 0.000014472559 0.000000290672
6220 0.000014462140 0.000000290672
6230 0.000014459163 0.000000289183
6240 0.000014469582 0.000000290672
6250 0.000014472559 0.000000290672
6260 0.000014478513 0.000000290672
6270 0.000014471071 0.000000290672
6280 0.000014475536 0.000000290672
6290 0.000014482979 0.000000290672
6300 0.000014474048 0.000000290672
6310 0.000014459163 0.000000289183
6320 0.000014462140 0.000000290672
6330 0.000014475536 0.000000290672
6340 0.000014463628 0.000000290672
6350 0.000014463628 0.000000290672
6360 0.000014469582 0.000000290672
6370 0.000014459163 0.000000289183
6380 0.000014466605 0.000000290672
6390 0.000014466605 0.000000290672
6400 0.000014463628 0.000000290672
6410 0.000014471071 0.000000290672
6420 0.000014472559 0.000000290672
6430 0.000014468094 0.000000290672
6440 0.000014460651 0.000000290672
6450 0.000014460651 0.000000290672
6460 0.000014472559 0.000000290672
6470 0.000014460651 0.000000290672
6480 0.000014472559 0.000000290672
6490 0.000014469582 0.000000290672
6500 0.000014462140 0.000000290672
6510 0.000014471071 0.000000290672
6520 0.000014480002 0.000000290672
6530 0.000014469582 0.000000290672
6540 0.000014466605 0.000000290672
6550 0.000014480002 0.000000290672
6560 0.000014463628 0.000000290672
6570 0.000014462140 0.000000290672
6580 0.000014475536 0.000000290672
6590 0.000014474048 0.000000290672
6600 0.000014471071 0.000000290672
6610 0.000014463628 0.000000290672
6620 0.000014459163 0.000000289183
6630 0.000014474048 0.000000290672
6640 0.000014460651 0.000000290672
6650 0.000014462140 0.000000290672
6660 0.000014465117 0.000000290672
6670 0.000014462140 0.000000290672
6680 0.000014462140 0.000000290672
6690 0.000014466605 0.000000290672
6700 0.000014475536 0.000000290672
6710 0.000014465117 0.000000290672
6720 0.000014469582 0.000000290672
6730 0.000014474048 0.000000290672
6740 0.000014471071 0.000000290672
6750 0.000014465117 0.000000290672
6760 0.000014471071 0.000000290672
6770 0.000014475536 0.000000290672
6780 0.000014463628 0.000000290672
6790 0.000014468094 0.000000290672
6800 0.000014472559 0.000000290672
6810 0.000014468094 0.000000290672
6820 0.000014460651 0.000000290672
6830 0.000014460651 0.000000290672
6840 0.000014471071 0.000000290672
6850 0.000014466605 0.000000290672
6860 0.000014463628 0.000000290672
6870 0.000014468094 0.000000290672
6880 0.000014468094 0.000000290672
6890 0.000014478513 0.000000290672
6900 0.000014472559 0.000000290672
6910 0.000014466605 0.000000290672
6920 0.000014463628 0.000000290672
6930 0.000014463628 0.000000290672
6940 0.000014463628 0.000000290672
6950 0.000014466605 0.000000290672
6960 0.000014463628 0.000000290672
6970 0.000014463628 0.000000290672
6980 0.000014462140 0.000000290672
6990 0.000014462140 0.000000290672
7000 0.000014463628 0.000000290672
7010 0.000014474048 0.000000290672
7020 0.000014471071 0.000000290672
7030 0.000014477025 0.000000290672
7040 0.000014466605 0.000000290672
7050 0.000014465117 0.000000290672
7060 0.000014471071 0.000000290672
7070 0.000014460651 0.000000290672
7080 0.000014480002 0.000000290672
7090 0.000014463628 0.000000290672
7100 0.000014468094 0.000000290672
7110 0.000014469582 0.000000290672
7120 0.000014463628 0.000000290672
7130 0.000014471071 0.000000290672
7140 0.000014466605 0.000000290672
7150 0.000014462140 0.000000290672
7160 0.000014466605 0.000000290672
7170 0.000014462140 0.000000290672
7180 0.000014466605 0.000000290672
7190 0.000014468094 0.000000290672
7200 0.000014472559 0.000000290672
7210 0.000014466605 0.000000290672
7220 0.000014466605 0.000000290672
7230 0.000014471071 0.000000290672
7240 0.000014465117 0.000000290672
7250 0.000014460651 0.000000290672
7260 0.000014460651 0.000000290672
7270 0.000014475536 0.000000290672
7280 0.000014468094 0.000000290672
7290 0.000014474048 0.000000290672
7300 0.000014462140 0.000000290672
7310 0.000014469582 0.000000290672
7320 0.000014471071 0.000000290672
7330 0.000014466605 0.000000290672
7340 0.000014469582 0.000000290672
7350 0.000014480002 0.000000290672
7360 0.000014481490 0.000000290672
7370 0.000014459163 0.000000289183
7380 0.000014462140 0.000000290672
7390 0.000014459163 0.000000289183
7400 0.000014459163 0.000000289183
7410 0.000014465117 0.000000290672
7420 0.000014468094 0.000000290672
7430 0.000014477025 0.000000290672
7440 0.000014477025 0.000000290672
7450 0.000014465117 0.000000290672
7460 0.000014460651 0.000000290672
7470 0.000014474048 0.000000290672
7480 0.000014469582 0.000000290672
7490 0.000014466605 0.000000290672
7500 0.000014460651 0.000000290672
7510 0.000014469582 0.000000290672
7520 0.000014474048 0.000000290672
7530 0.000014459163 0.000000289183
7540 0.000014459163 0.000000289183
7550 0.000014460651 0.000000290672
7560 0.000014462140 0.000000290672
7570 0.000014459163 0.000000289183
7580 0.000014463628 0.000000290672
7590 0.000014460651 0.000000290672
7600 0.000014469582 0.000000290672
7610 0.000014469582 0.000000290672
7620 0.000014469582 0.000000290672
7630 0.000014474048 0.000000290672
7640 0.000014468094 0.000000290672
7650 0.000014465117 0.000000290672
7660 0.000014468094 0.000000290672
7670 0.000014468094 0.000000290672
7680 0.000014462140 0.000000290672
7690 0.000014475536 0.000000290672
7700 0.000014478513 0.000000290672
7710 0.000014465117 0.000000290672
7720 0.000014466605 0.000000290672
7730 0.000014466605 0.000000290672
7740 0.000014474048 0.000000290672
7750 0.000014471071 0.000000290672
7760 0.000014469582 0.000000290672
7770 0.000014468094 0.000000290672
7780 0.000014459163 0.000000289183
7790 0.000014482979 0.000000290672
7800 0.000014462140 0.000000290672
7810 0.000014459163 0.000000289183
7820 0.000014466605 0.000000290672
7830 0.000014466605 0.000000290672
7840 0.000014465117 0.000000290672
7850 0.000014462140 0.000000290672
7860 0.000014477025 0.000000290672
7870 0.000014477025 0.000000290672
7880 0.000014477025 0.000000290672
7890 0.000014463628 0.000000290672
7900 0.000014462140 0.000000290672
7910 0.000014468094 0.000000290672
7920 0.000014469582 0.000000290672
7930 0.000014477025 0.000000290672
7940 0.000014469582 0.000000290672
7950 0.000014472559 0.000000290672
7960 0.000014468094 0.000000290672
7970 0.000014460651 0.000000290672
7980 0.000014462140 0.000000290672
7990 0.000014460651 0.000000290672
8000 0.000014478513 0.000000290672
8010 0.000014468094 0.000000290672
8020 0.000014475536 0.000000290672
8030 0.000014462140 0.000000290672
8040 0.000014469582 0.000000290672
8050 0.000014480002 0.000000290672
8060 0.000014468094 0.000000290672
8070 0.000014459163 0.000000289183
8080 0.000014469582 0.000000290672
8090 0.000014468094 0.000000290672
8100 0.000014469582 0.000000290672
8110 0.000014469582 0.000000290672
8120 0.000014462140 0.000000290672
8130 0.000014469582 0.000000290672
8140 0.000014478513 0.000000290672
8150 0.000014472559 0.000000290672
8160 0.000014471071 0.000000290672
8170 0.000014466605 0.000000290672
8180 0.000014472559 0.000000290672
8190 0.000014459163 0.000000289183
8200 0.000014471071 0.000000290672
8210 0.000014463628 0.000000290672
8220 0.000014466605 0.000000290672
8230 0.000014468094 0.000000290672
8240 0.000014475536 0.000000290672
8250 0.000014478513 0.000000290672
8260 0.000014468094 0.000000290672
8270 0.000014468094 0.000000290672
8280 0.000014475536 0.000000290672
8290 0.000014475536 0.000000290672
8300 0.000014477025 0.000000290672
8310 0.000014475536 0.000000290672
8320 0.000014466605 0.000000290672
8330 0.000014472559 0.000000290672
8340 0.000014474048 0.000000290672
8350 0.000014459163 0.000000289183
8360 0.000014480002 0.000000290672
8370 0.000014475536 0.000000290672
8380 0.000014474048 0.000000290672
8390 0.000014460651 0.000000290672
8400 0.000014463628 0.000000290672
8410 0.000014459163 0.000000289183
8420 0.000014465117 0.000000290672
8430 0.000014460651 0.000000290672
8440 0.000014465117 0.000000290672
8450 0.000014468094 0.000000290672
8460 0.000014463628 0.000000290672
8470 0.000014472559 0.000000290672
8480 0.000014469582 0.000000290672
8490 0.000014463628 0.000000290672
8500 0.000014468094 0.000000290672
8510 0.000014482979 0.000000290672
8520 0.000014459163 0.000000289183
8530 0.000014459163 0.000000289183
8540 0.000014462140 0.000000290672
8550 0.000014459163 0.000000289183
8560 0.000014468094 0.000000290672
8570 0.000014478513 0.000000290672
8580 0.000014472559 0.000000290672
8590 0.000014471071 0.000000290672
8600 0.000014466605 0.000000290672
8610 0.000014474048 0.000000290672
8620 0.000014459163 0.000000289183
8630 0.000014468094 0.000000290672
8640 0.000014482979 0.000000290672
8650 0.000014477025 0.000000290672
8660 0.000014478513 0.000000290672
8670 0.000014471071 0.000000290672
8680 0.000014459163 0.000000289183
8690 0.000014465117 0.000000290672
8700 0.000014478513 0.000000290672
8710 0.000014469582 0.000000290672
8720 0.000014468094 0.000000290672
8730 0.000014465117 0.000000290672
8740 0.000014462140 0.000000290672
8750 0.000014465117 0.000000290672
8760 0.000014468094 0.000000290672
8770 0.000014478513 0.000000290672
8780 0.000014487444 0.000000290672
8790 0.000014466605 0.000000290672
8800 0.000014474048 0.000000290672
8810 0.000014466605 0.000000290672
8820 0.000014459163 0.000000289183
8830 0.000014460651 0.000000290672
8840 0.000014460651 0.000000290672
8850 0.000014466605 0.000000290672
8860 0.000014480002 0.000000290672
8870 0.000014474048 0.000000290672
8880 0.000014463628 0.000000290672
8890 0.000014459163 0.000000289183
8900 0.000014466605 0.000000290672
8910 0.000014482979 0.000000290672
8920 0.000014463628 0.000000290672
8930 0.000014472559 0.000000290672
8940 0.000014478513 0.000000290672
8950 0.000014472559 0.000000290672
8960 0.000014471071 0.000000290672
8970 0.000014469582 0.000000290672
8980 0.000014480002 0.000000290672
8990 0.000014471071 0.000000290672
9000 0.000014465117 0.000000290672
9010 0.000014469582 0.000000290672
9020 0.000014471071 0.000000290672
9030 0.000014469582 0.000000290672
9040 0.000014468094 0.000000290672
9050 0.000014468094 0.000000290672
9060 0.000014460651 0.000000290672
9070 0.000014471071 0.000000290672
9080 0.000014474048 0.000000290672
9090 0.000014466605 0.000000290672
9100 0.000014472559 0.000000290672
9110 0.000014460651 0.000000290672
9120 0.000014465117 0.000000290672
9130 0.000014471071 0.000000290672
9140 0.000014466605 0.000000290672
9150 0.000014463628 0.000000290672
9160 0.000014469582 0.000000290672
9170 0.000014459163 0.000000289183
9180 0.000014466605 0.000000290672
9190 0.000014459163 0.000000289183
9200 0.000014472559 0.000000290672
9210 0.000014463628 0.000000290672
9220 0.000014462140 0.000000290672
9230 0.000014471071 0.000000290672
9240 0.000014459163 0.000000289183
9250 0.000014468094 0.000000290672
9260 0.000014465117 0.000000290672
9270 0.000014459163 0.000000289183
9280 0.000014462140 0.000000290672
9290 0.000014463628 0.000000290672
9300 0.000014469582 0.000000290672
9310 0.000014471071 0.000000290672
9320 0.000014472559 0.000000290672
9330 0.000014463628 0.000000290672
9340 0.000014474048 0.000000290672
9350 0.000014475536 0.000000290672
9360 0.000014471071 0.000000290672
9370 0.000014463628 0.000000290672
9380 0.000014468094 0.000000290672
9390 0.000014466605 0.000000290672
9400 0.000014475536 0.000000290672
9410 0.000014482979 0.000000290672
9420 0.000014468094 0.000000290672
9430 0.000014465117 0.000000290672
9440 0.000014463628 0.000000290672
9450 0.000014465117 0.000000290672
9460 0.000014472559 0.000000290672
9470 0.000014469582 0.000000290672
9480 0.000014475536 0.000000290672
9490 0.000014481490 0.000000290672
9500 0.000014468094 0.000000290672
9510 0.000014460651 0.000000290672
9520 0.000014469582 0.000000290672
9530 0.000014465117 0.000000290672
9540 0.000014475536 0.000000290672
9550 0.000014469582 0.000000290672
9560 0.000014460651 0.000000290672
9570 0.000014460651 0.000000290672
9580 0.000014465117 0.000000290672
9590 0.000014469582 0.000000290672
9600 0.000014465117 0.000000290672
9610 0.000014468094 0.000000290672
9620 0.000014472559 0.000000290672
9630 0.000014465117 0.000000290672
9640 0.000014463628 0.000000290672
9650 0.000014462140 0.000000290672
9660 0.000014463628 0.000000290672
9670 0.000014472559 0.000000290672
9680 0.000014477025 0.000000290672
9690 0.000014468094 0.000000290672
9700 0.000014474048 0.000000290672
9710 0.000014478513 0.000000290672
9720 0.000014472559 0.000000290672
9730 0.000014471071 0.000000290672
9740 0.000014459163 0.000000289183
9750 0.000014468094 0.000000290672
9760 0.000014480002 0.000000290672
9770 0.000014462140 0.000000290672
9780 0.000014465117 0.000000290672
9790 0.000014474048 0.000000290672
9800 0.000014463628 0.000000290672
9810 0.000014472559 0.000000290672
9820 0.000014468094 0.000000290672
9830 0.000014466605 0.000000290672
9840 0.000014460651 0.000000290672
9850 0.000014474048 0.000000290672
9860 0.000014463628 0.000000290672
9870 0.000014468094 0.000000290672
9880 0.000014465117 0.000000290672
9890 0.000014481490 0.000000290672
9900 0.000014469582 0.000000290672
9910 0.000014472559 0.000000290672
9920 0.000014463628 0.000000290672
9930 0.000014463628 0.000000290672
9940 0.000014463628 0.000000290672
9950 0.000014472559 0.000000290672
9960 0.000014471071 0.000000290672
9970 0.000014474048 0.000000290672
9980 0.000014469582 0.000000290672
9990 0.000014469582 0.000000290672
10000 0.000014465117 0.000000290672
