10 0.000009879787 0.000000219966
20 0.000009884688 0.000000215051
30 0.000009944723 0.000000228769
40 0.000009941347 0.000000222460
50 0.000009982333 0.000000215835
60 0.000009931818 0.000000215321
70 0.000009914758 0.000000211350
80 0.000009922462 0.000000215652
90 0.000009877890 0.000000218367
100 0.000009932950 0.000000219078
110 0.000009881789 0.000000213519
120 0.000009960585 0.000000213547
130 0.000009899614 0.000000215282
140 0.000009905492 0.000000221744
150 0.000010020865 0.000000220080
160 0.000009986580 0.000000217242
170 0.000009910143 0.000000216436
180 0.000010012572 0.000000215911
190 0.000010005945 0.000000218521
200 0.000009871815 0.000000217063
210 0.000009981994 0.000000216075
220 0.000009924708 0.000000213946
230 0.000010093123 0.000000219803
240 0.000009915179 0.000000213493
250 0.000009918361 0.000000230030
260 0.000009929816 0.000000216357
270 0.000009976666 0.000000218222
280 0.000009908488 0.000000222977
290 0.000009959879 0.000000222280
300 0.000010053778 0.000000221206
310 0.000009925823 0.000000216911
320 0.000009974707 0.000000222506
330 0.000009948073 0.000000217802
340 0.000009951913 0.000000223250
350 0.000010043431 0.000000222807
360 0.000009973311 0.000000212893
370 0.000009871387 0.000000214649
380 0.000010016447 0.000000230031
390 0.000009988724 0.000000227785
400 0.000009954298 0.000000227052
410 0.000009949015 0.000000212868
420 0.000009935480 0.000000219139
430 0.000009925356 0.000000217511
440 0.000009982154 0.000000222021
450 0.000009857078 0.000000212053
460 0.000009994271 0.000000213016
470 0.000009911794 0.000000216230
480 0.000009950245 0.000000217384
490 0.000009957205 0.000000218456
500 0.000009993055 0.000000224617
510 0.000009951910 0.000000220371
520 0.000009934219 0.000000217084
530 0.000009980886 0.000000222994
540 0.000009906749 0.000000223269
550 0.000009943428 0.000000223225
560 0.000009904668 0.000000220478
570 0.000009938693 0.000000224370
580 0.000009947501 0.000000212235
590 0.000009980644 0.000000222846
600 0.000010019482 0.000000229362
610 0.000010015584 0.000000221672
620 0.000010067242 0.000000223371
630 0.000009867472 0.000000219043
640 0.000010015877 0.000000230251
650 0.000010027018 0.000000218661
660 0.000010008088 0.000000218868
670 0.000009977985 0.000000226547
680 0.000009867440 0.000000211669
690 0.000010040193 0.000000227061
700 0.000009900109 0.000000216474
710 0.000009911689 0.000000215079
720 0.000009957110 0.000000222278
730 0.000010024580 0.000000219322
740 0.000010001064 0.000000220196
750 0.000009964736 0.000000211313
760 0.000009967649 0.000000214448
770 0.000009929077 0.000000216751
780 0.000010096816 0.000000218273
790 0.000010017795 0.000000218868
800 0.000010075671 0.000000223561
810 0.000009936225 0.000000219834
820 0.000009964785 0.000000218424
830 0.000009936603 0.000000217642
840 0.000009978814 0.000000218850
850 0.000010047004 0.000000222601
860 0.000010052228 0.000000223954
870 0.000010090605 0.000000224697
880 0.000009985641 0.000000223307
890 0.000009986971 0.000000220284
900 0.000009908967 0.000000214837
910 0.000010069375 0.000000219738
920 0.000009973969 0.000000211120
930 0.000009970356 0.000000219290
940 0.000009961185 0.000000216375
950 0.000010071543 0.000000227282
960 0.000009938084 0.000000222223
970 0.000010028925 0.000000219459
980 0.000010062557 0.000000221306
990 0.000010088699 0.000000218869
1000 0.000010172572 0.000000230204
1010 0.000010041339 0.000000223895
1020 0.000009958256 0.000000215958
1030 0.000010052410 0.000000217654
1040 0.000010098180 0.000000221732
1050 0.000010038826 0.000000223205
1060 0.000010128202 0.000000219214
1070 0.000010015075 0.000000223036
1080 0.000010075058 0.000000217116
1090 0.000010034899 0.000000221577
1100 0.000010158833 0.000000225348
1110 0.000009995732 0.000000215601
1120 0.000010047660 0.000000226019
1130 0.000009978709 0.000000215766
1140 0.000010023296 0.000000229161
1150 0.000010061808 0.000000220100
1160 0.000010084520 0.000000220815
1170 0.000010041122 0.000000213567
1180 0.000010046167 0.000000217131
1190 0.000010118591 0.000000221812
1200 0.000009999350 0.000000219311
1210 0.000010066359 0.000000216500
1220 0.000010130618 0.000000221774
1230 0.000010126780 0.000000221492
1240 0.000010061089 0.000000215384
1250 0.000010117573 0.000000219440
1260 0.000010039110 0.000000223916
1270 0.000010051947 0.000000216304
1280 0.000009954932 0.000000213241
1290 0.000010249912 0.000000236018
1300 0.000010051005 0.000000219216
1310 0.000010111754 0.000000225858
1320 0.000010061027 0.000000228869
1330 0.000010171257 0.000000220744
1340 0.000010068171 0.000000221242
1350 0.000010119345 0.000000216345
1360 0.000010194177 0.000000229528
1370 0.000010210150 0.000000228855
1380 0.000010049521 0.000000220357
1390 0.000010161035 0.000000222076
1400 0.000010060094 0.000000227113
1410 0.000010251946 0.000000231697
1420 0.000010259237 0.000000231946
1430 0.000010150224 0.000000223399
1440 0.000010173659 0.000000229707
1450 0.000010331625 0.000000231932
1460 0.000010175086 0.000000218590
1470 0.000010169334 0.000000223367
1480 0.000010203643 0.000000225986
1490 0.000010215218 0.000000222053
1500 0.000010117016 0.000000219837
1510 0.000010325149 0.000000230213
1520 0.000010251936 0.000000228700
1530 0.000010215251 0.000000233184
1540 0.000010190358 0.000000217706
1550 0.000010272562 0.000000223693
1560 0.000010184597 0.000000224641
1570 0.000010277617 0.000000224372
1580 0.000010224315 0.000000226369
1590 0.000010269519 0.000000230716
1600 0.000010362942 0.000000232721
1610 0.000010342710 0.000000225348
1620 0.000010332114 0.000000231379
1630 0.000010393658 0.000000225514
1640 0.000010373912 0.000000230554
1650 0.000010325659 0.000000228073
1660 0.000010265556 0.000000222821
1670 0.000010097593 0.000000222888
1680 0.000010312384 0.000000226314
1690 0.000010289415 0.000000227509
1700 0.000010363736 0.000000230582
1710 0.000010384426 0.000000223974
1720 0.000010199752 0.000000221641
1730 0.000010262393 0.000000231261
1740 0.000010249861 0.000000221553
1750 0.000010217287 0.000000230880
1760 0.000010309067 0.000000226597
1770 0.000010252743 0.000000234969
1780 0.000010256300 0.000000220939
1790 0.000010196819 0.000000227974
1800 0.000010199787 0.000000222307
1810 0.000010375948 0.000000229382
1820 0.000010388263 0.000000233553
1830 0.000010301851 0.000000227668
1840 0.000010313247 0.000000219760
1850 0.000010334019 0.000000223051
1860 0.000010369915 0.000000236097
1870 0.000010423146 0.000000232294
1880 0.000010326677 0.000000226191
1890 0.000010416568 0.000000235944
1900 0.000010480389 0.000000238981
1910 0.000010475676 0.000000230482
1920 0.000010399087 0.000000229882
1930 0.000010434710 0.000000230758
1940 0.000010440119 0.000000234353
1950 0.000010483164 0.000000232487
1960 0.000010604311 0.000000227803
1970 0.000010408627 0.000000229470
1980 0.000010373471 0.000000224022
1990 0.000010521845 0.000000234307
2000 0.000010492872 0.000000239464
2010 0.000010453350 0.000000230206
2020 0.000010529303 0.000000231968
2030 0.000010488165 0.000000234750
2040 0.000010526106 0.000000239540
2050 0.000010425937 0.000000226505
2060 0.000010630168 0.000000229069
2070 0.000010482385 0.000000229545
2080 0.000010504250 0.000000231308
2090 0.000010578695 0.000000233697
2100 0.000010509590 0.000000225268
2110 0.000010331670 0.000000223761
2120 0.000010609035 0.000000232159
2130 0.000010438638 0.000000227549
2140 0.000010519824 0.000000233280
2150 0.000010545305 0.000000232705
2160 0.000010432764 0.000000235637
2170 0.000010498397 0.000000229778
2180 0.000010416197 0.000000232664
2190 0.000010450403 0.000000232628
2200 0.000010634253 0.000000240892
2210 0.000010625893 0.000000238845
2220 0.000010674291 0.000000239886
2230 0.000010625350 0.000000246815
2240 0.000010614033 0.000000235048
2250 0.000010578608 0.000000233255
2260 0.000010703598 0.000000236771
2270 0.000010581342 0.000000232368
2280 0.000010717592 0.000000239060
2290 0.000010660472 0.000000235461
2300 0.000010750874 0.000000236011
2310 0.000010698106 0.000000239059
2320 0.000010663751 0.000000236938
2330 0.000010693420 0.000000233251
2340 0.000010628076 0.000000236881
2350 0.000010500463 0.000000224608
2360 0.000010657924 0.000000238498
2370 0.000010675144 0.000000242648
2380 0.000010795904 0.000000240146
2390 0.000010721106 0.000000232324
2400 0.000010734427 0.000000244472
2410 0.000010758565 0.000000238017
2420 0.000010563565 0.000000234713
2430 0.000010575055 0.000000229282
2440 0.000010756048 0.000000234489
2450 0.000010736650 0.000000251111
2460 0.000010737172 0.000000237421
2470 0.000010835408 0.000000253193
2480 0.000010738017 0.000000239463
2490 0.000010660566 0.000000235538
2500 0.000010713661 0.000000241853
2510 0.000010501147 0.000000235072
2520 0.000010640929 0.000000233805
2530 0.000010750218 0.000000241119
2540 0.000010744493 0.000000245140
2550 0.000010562795 0.000000246385
2560 0.000010490529 0.000000233946
2570 0.000010617870 0.000000243147
2580 0.000010655393 0.000000237366
2590 0.000010913118 0.000000245495
2600 0.000010642695 0.000000230463
2610 0.000010972570 0.000000245079
2620 0.000010851838 0.000000238479
2630 0.000010865290 0.000000250479
2640 0.000010970874 0.000000237478
2650 0.000010820729 0.000000245284
2660 0.000011098073 0.000000252290
2670 0.000010987945 0.000000252138
2680 0.000011041610 0.000000247651
2690 0.000010934848 0.000000236850
2700 0.000010904539 0.000000239206
2710 0.000010937553 0.000000239668
2720 0.000011023446 0.000000248318
2730 0.000011065246 0.000000244627
2740 0.000011053698 0.000000249152
2750 0.000011086062 0.000000246975
2760 0.000011161787 0.000000246157
2770 0.000011009625 0.000000243696
2780 0.000010935544 0.000000238046
2790 0.000011175512 0.000000240788
2800 0.000010987614 0.000000245386
2810 0.000010990274 0.000000244637
2820 0.000010880005 0.000000240323
2830 0.000011253045 0.000000247885
2840 0.000011249243 0.000000245569
2850 0.000011007971 0.000000232584
2860 0.000011151126 0.000000247030
2870 0.000011209291 0.000000246425
2880 0.000011257394 0.000000251943
2890 0.000011179704 0.000000243703
2900 0.000011187098 0.000000246449
2910 0.000011364467 0.000000250282
2920 0.000011320516 0.000000254386
2930 0.000011333223 0.000000253937
2940 0.000011255919 0.000000245710
2950 0.000011252656 0.000000252440
2960 0.000011397933 0.000000257631
2970 0.000011222811 0.000000242730
2980 0.000011312499 0.000000250906
2990 0.000011264847 0.000000251424
3000 0.000011342046 0.000000253035
3010 0.000011484031 0.000000258047
3020 0.000011169893 0.000000247118
3030 0.000011369855 0.000000271772
3040 0.000011293928 0.000000248211
3050 0.000011406896 0.000000252174
3060 0.000011302053 0.000000243005
3070 0.000011132585 0.000000252465
3080 0.000011407467 0.000000251899
3090 0.000011320748 0.000000257781
3100 0.000011235680 0.000000241600
3110 0.000011308083 0.000000253396
3120 0.000011330098 0.000000252121
3130 0.000011403539 0.000000253150
3140 0.000011423865 0.000000255024
3150 0.000011219172 0.000000252688
3160 0.000011370316 0.000000263148
3170 0.000011499556 0.000000265287
3180 0.000011420513 0.000000252611
3190 0.000011387466 0.000000252113
3200 0.000011372312 0.000000250547
3210 0.000011354098 0.000000252901
3220 0.000011245434 0.000000249784
3230 0.000011453521 0.000000263712
3240 0.000011437594 0.000000255893
3250 0.000011536078 0.000000263976
3260 0.000011560341 0.000000276635
3270 0.000011761267 0.000000265664
3280 0.000011595102 0.000000255435
3290 0.000011624805 0.000000254797
3300 0.000011623970 0.000000259913
3310 0.000011510964 0.000000258278
3320 0.000011772170 0.000000253260
3330 0.000011720829 0.000000253364
3340 0.000011743442 0.000000269694
3350 0.000011557277 0.000000260522
3360 0.000011750467 0.000000257923
3370 0.000011609776 0.000000272057
3380 0.000011552809 0.000000257475
3390 0.000011697652 0.000000264484
3400 0.000011751806 0.000000259407
3410 0.000011606176 0.000000258207
3420 0.000011598581 0.000000261244
3430 0.000011747825 0.000000262693
3440 0.000011790439 0.000000251638
3450 0.000011682072 0.000000256666
3460 0.000012032086 0.000000269473
3470 0.000011772245 0.000000257474
3480 0.000011742123 0.000000268030
3490 0.000011743470 0.000000253917
3500 0.000011776008 0.000000261848
3510 0.000011725607 0.000000266205
3520 0.000011611744 0.000000257031
3530 0.000011724219 0.000000260411
3540 0.000011794060 0.000000254924
3550 0.000011829215 0.000000261800
3560 0.000011561121 0.000000261471
3570 0.000011707074 0.000000273149
3580 0.000011985204 0.000000267149
3590 0.000011997874 0.000000265049
3600 0.000011998222 0.000000267328
3610 0.000012133378 0.000000269543
3620 0.000011970994 0.000000264381
3630 0.000011934932 0.000000264337
3640 0.000012006877 0.000000265019
3650 0.000012021442 0.000000277814
3660 0.000012049737 0.000000276004
3670 0.000012101037 0.000000269520
3680 0.000012015944 0.000000277618
3690 0.000011901693 0.000000256709
3700 0.000011990068 0.000000267672
3710 0.000012065088 0.000000262749
3720 0.000012008124 0.000000270362
3730 0.000012030712 0.000000261284
3740 0.000012140929 0.000000271243
3750 0.000012074408 0.000000271889
3760 0.000012030083 0.000000265092
3770 0.000012180599 0.000000265327
3780 0.000011972890 0.000000268835
3790 0.000012161401 0.000000265466
3800 0.000011945159 0.000000265835
3810 0.000011901229 0.000000266390
3820 0.000011770876 0.000000274829
3830 0.000011901937 0.000000267091
3840 0.000012283406 0.000000272863
3850 0.000012045595 0.000000269821
3860 0.000012323003 0.000000280744
3870 0.000012124388 0.000000277272
3880 0.000012184031 0.000000280927
3890 0.000012206256 0.000000280819
3900 0.000012184361 0.000000267508
3910 0.000012148095 0.000000269032
3920 0.000012266274 0.000000264870
3930 0.000012191724 0.000000268487
3940 0.000012381265 0.000000273529
3950 0.000012179242 0.000000265142
3960 0.000012198937 0.000000268039
3970 0.000012265198 0.000000270099
3980 0.000012377768 0.000000276348
3990 0.000012312050 0.000000275816
4000 0.000012403899 0.000000268636
4010 0.000012576053 0.000000278687
4020 0.000012361075 0.000000274806
4030 0.000012212357 0.000000268618
4040 0.000012092424 0.000000271720
4050 0.000012273102 0.000000266881
4060 0.000012258017 0.000000277807
4070 0.000012187424 0.000000279514
4080 0.000012087217 0.000000284943
4090 0.000012322905 0.000000269340
4100 0.000012281151 0.000000276205
4110 0.000012188837 0.000000276389
4120 0.000012193128 0.000000266482
4130 0.000012136212 0.000000275157
4140 0.000012276042 0.000000272823
4150 0.000012400801 0.000000290382
4160 0.000012383954 0.000000283495
4170 0.000012463715 0.000000267472
4180 0.000012458320 0.000000287058
4190 0.000012383639 0.000000266285
4200 0.000012355321 0.000000288988
4210 0.000012527919 0.000000284234
4220 0.000012417675 0.000000279865
4230 0.000012375201 0.000000270480
4240 0.000012466443 0.000000278517
4250 0.000012541972 0.000000275350
4260 0.000012432148 0.000000275295
4270 0.000012428235 0.000000275450
4280 0.000011979854 0.000000272031
4290 0.000012184535 0.000000268134
4300 0.000012417543 0.000000279546
4310 0.000012551713 0.000000291625
4320 0.000012478667 0.000000275082
4330 0.000012478384 0.000000287558
4340 0.000012379753 0.000000276765
4350 0.000012290905 0.000000291977
4360 0.000012699805 0.000000275267
4370 0.000012584119 0.000000290220
4380 0.000012328412 0.000000282760
4390 0.000012354253 0.000000269590
4400 0.000012438528 0.000000268406
4410 0.000012196066 0.000000268050
4420 0.000012337761 0.000000269046
4430 0.000012476981 0.000000284105
4440 0.000012608722 0.000000285100
4450 0.000012725539 0.000000280139
4460 0.000012759480 0.000000279218
4470 0.000012697871 0.000000277839
4480 0.000012689515 0.000000284173
4490 0.000012786476 0.000000277063
4500 0.000012670193 0.000000279431
4510 0.000012662966 0.000000281430
4520 0.000012917186 0.000000286416
4530 0.000012641131 0.000000278021
4540 0.000012510504 0.000000283841
4550 0.000012618453 0.000000274956
4560 0.000012869753 0.000000279583
4570 0.000012580802 0.000000278019
4580 0.000012639675 0.000000278314
4590 0.000012446605 0.000000277686
4600 0.000012653390 0.000000269510
4610 0.000012724996 0.000000280489
4620 0.000012820537 0.000000282272
4630 0.000012726436 0.000000294580
4640 0.000012759595 0.000000289292
4650 0.000012817292 0.000000296756
4660 0.000012855749 0.000000280096
4670 0.000013009700 0.000000289628
4680 0.000012688596 0.000000278305
4690 0.000012828907 0.000000285263
4700 0.000012637293 0.000000276453
4710 0.000012828722 0.000000282885
4720 0.000012973956 0.000000289229
4730 0.000012902092 0.000000285848
4740 0.000012698911 0.000000281156
4750 0.000012900577 0.000000299002
4760 0.000012978360 0.000000284597
4770 0.000013053604 0.000000292828
4780 0.000013159090 0.000000309388
4790 0.000012930539 0.000000284318
4800 0.000012904460 0.000000282407
4810 0.000013033709 0.000000292784
4820 0.000013034443 0.000000299550
4830 0.000012876810 0.000000282454
4840 0.000012890584 0.000000287009
4850 0.000013131063 0.000000284177
4860 0.000013206301 0.000000292885
4870 0.000013158395 0.000000298539
4880 0.000012992905 0.000000294596
4890 0.000012995356 0.000000289207
4900 0.000013335229 0.000000292618
4910 0.000013191547 0.000000292587
4920 0.000013262726 0.000000294870
4930 0.000013236040 0.000000292916
4940 0.000013280449 0.000000291256
4950 0.000013013290 0.000000296156
4960 0.000013064697 0.000000286660
4970 0.000013112995 0.000000290488
4980 0.000013022508 0.000000287397
4990 0.000013061593 0.000000300971
5000 0.000013208106 0.000000293956
5010 0.000013195920 0.000000288713
5020 0.000013059103 0.000000287365
5030 0.000013281507 0.000000299678
5040 0.000013079020 0.000000287387
5050 0.000012673778 0.000000298979
5060 0.000012716293 0.000000281694
5070 0.000012968942 0.000000294959
5080 0.000013008353 0.000000298489
5090 0.000013207422 0.000000294444
5100 0.000013396530 0.000000298943
5110 0.000013272814 0.000000305400
5120 0.000013229854 0.000000290733
5130 0.000013097762 0.000000284792
5140 0.000013051188 0.000000304006
5150 0.000013081346 0.000000287890
5160 0.000012982835 0.000000309404
5170 0.000013422626 0.000000291461
5180 0.000013361504 0.000000302684
5190 0.000013349480 0.000000304521
5200 0.000013100134 0.000000292703
5210 0.000013121261 0.000000300267
5220 0.000013351668 0.000000293664
5230 0.000013196634 0.000000301252
5240 0.000013299397 0.000000296491
5250 0.000013430857 0.000000302493
5260 0.000013562762 0.000000303026
5270 0.000013402269 0.000000292694
5280 0.000013489870 0.000000298993
5290 0.000013674919 0.000000299552
5300 0.000013382556 0.000000291824
5310 0.000013526752 0.000000307880
5320 0.000013471483 0.000000295207
5330 0.000013375466 0.000000298741
5340 0.000013413421 0.000000294512
5350 0.000013535502 0.000000294512
5360 0.000013323939 0.000000294765
5370 0.000013369807 0.000000297772
5380 0.000013521720 0.000000292413
5390 0.000013395801 0.000000290928
5400 0.000013318064 0.000000296685
5410 0.000013451262 0.000000289922
5420 0.000013641894 0.000000301820
5430 0.000013524933 0.000000303182
5440 0.000013350127 0.000000293895
5450 0.000013500453 0.000000314911
5460 0.000013362724 0.000000291506
5470 0.000013178902 0.000000310280
5480 0.000013287067 0.000000291455
5490 0.000013248240 0.000000294964
5500 0.000013405551 0.000000300974
5510 0.000013631501 0.000000303717
5520 0.000013521626 0.000000304604
5530 0.000013773287 0.000000306005
5540 0.000013675519 0.000000300938
5550 0.000013531923 0.000000302233
5560 0.000013332559 0.000000294974
5570 0.000013126917 0.000000293127
5580 0.000013522365 0.000000298491
5590 0.000013632127 0.000000301658
5600 0.000013591445 0.000000307358
5610 0.000013585741 0.000000300497
5620 0.000013386917 0.000000296137
5630 0.000012851869 0.000000293181
5640 0.000013539281 0.000000303256
5650 0.000013886936 0.000000311107
5660 0.000013622966 0.000000307526
5670 0.000013750905 0.000000306274
5680 0.000013758705 0.000000306829
5690 0.000013808832 0.000000315407
5700 0.000013943299 0.000000309461
5710 0.000014156905 0.000000307928
5720 0.000013861675 0.000000309827
5730 0.000013665168 0.000000302447
5740 0.000013685588 0.000000311300
5750 0.000013859477 0.000000304382
5760 0.000013722773 0.000000305351
5770 0.000013697049 0.000000301895
5780 0.000013840110 0.000000305050
5790 0.000013809588 0.000000313076
5800 0.000013887100 0.000000314027
5810 0.000014115319 0.000000311402
5820 0.000014084560 0.000000312163
5830 0.000013631765 0.000000304227
5840 0.000013636733 0.000000305828
5850 0.000013900097 0.000000306913
5860 0.000013969481 0.000000304759
5870 0.000013988136 0.000000303874
5880 0.000013920260 0.000000306047
5890 0.000013714895 0.000000315401
5900 0.000013754570 0.000000316994
5910 0.000014032686 0.000000312479
5920 0.000013985155 0.000000303827
5930 0.000013589340 0.000000303343
5940 0.000013946345 0.000000304966
5950 0.000014029721 0.000000310108
5960 0.000014163105 0.000000307469
5970 0.000014013800 0.000000309704
5980 0.000014089819 0.000000310528
5990 0.000014067069 0.000000305923
6000 0.000013857707 0.000000310569
6010 0.000013689753 0.000000301673
6020 0.000014002210 0.000000306057
6030 0.000014191095 0.000000309348
6040 0.000014133529 0.000000310557
6050 0.000014145952 0.000000318344
6060 0.000014120847 0.000000311288
6070 0.000013941095 0.000000310928
6080 0.000013982085 0.000000315089
6090 0.000013942987 0.000000309564
6100 0.000014201021 0.000000315874
6110 0.000014220584 0.000000309293
6120 0.000014002393 0.000000306384
6130 0.000013992795 0.000000319713
6140 0.000014023009 0.000000312406
6150 0.000014063752 0.000000303563
6160 0.000014351525 0.000000311497
6170 0.000013886832 0.000000304140
6180 0.000013933588 0.000000303732
6190 0.000013954878 0.000000315059
6200 0.000014292850 0.000000324490
6210 0.000014348519 0.000000317139
6220 0.000014149778 0.000000307603
6230 0.000014286175 0.000000314624
6240 0.000013909119 0.000000307886
6250 0.000014162349 0.000000328572
6260 0.000014397870 0.000000309996
6270 0.000013884606 0.000000312101
6280 0.000013805069 0.000000314133
6290 0.000013576879 0.000000311285
6300 0.000013704144 0.000000312440
6310 0.000014192055 0.000000320320
6320 0.000014211235 0.000000317303
6330 0.000014328659 0.000000317447
6340 0.000013795497 0.000000306151
6350 0.000014149378 0.000000304651
6360 0.000014385548 0.000000317354
6370 0.000013963864 0.000000311620
6380 0.000014010506 0.000000327092
6390 0.000013686712 0.000000309720
6400 0.000013265550 0.000000310742
6410 0.000013819292 0.000000312896
6420 0.000014357390 0.000000322249
6430 0.000014407329 0.000000317952
6440 0.000014305729 0.000000310639
6450 0.000013989010 0.000000309496
6460 0.000014342337 0.000000324379
6470 0.000014294537 0.000000315281
6480 0.000014438426 0.000000323803
6490 0.000014315706 0.000000325197
6500 0.000013916421 0.000000304965
6510 0.000013922935 0.000000311787
6520 0.000013963572 0.000000312734
6530 0.000013189655 0.000000317001
6540 0.000013096415 0.000000310040
6550 0.000014048383 0.000000312163
6560 0.000014460008 0.000000316236
6570 0.000014335908 0.000000320638
6580 0.000014094774 0.000000311438
6590 0.000014420660 0.000000318730
6600 0.000014314040 0.000000308448
6610 0.000014103690 0.000000313119
6620 0.000013830433 0.000000313635
6630 0.000014368373 0.000000314784
6640 0.000014429759 0.000000314833
6650 0.000014418754 0.000000319682
6660 0.000014232712 0.000000310225
6670 0.000013776333 0.000000323258
6680 0.000014016502 0.000000318112
6690 0.000014543217 0.000000332844
6700 0.000014564083 0.000000332758
6710 0.000014709834 0.000000322155
6720 0.000014557438 0.000000316100
6730 0.000014367980 0.000000325696
6740 0.000014484031 0.000000315772
6750 0.000014746572 0.000000326560
6760 0.000014649591 0.000000341890
6770 0.000014340265 0.000000321954
6780 0.000014093082 0.000000316096
6790 0.000014275954 0.000000326821
6800 0.000014657688 0.000000329050
6810 0.000014527406 0.000000315360
6820 0.000014684765 0.000000331645
6830 0.000014492337 0.000000329762
6840 0.000014273881 0.000000319439
6850 0.000014283423 0.000000319120
6860 0.000014372604 0.000000318739
6870 0.000014283753 0.000000320663
6880 0.000014271768 0.000000323985
6890 0.000014305610 0.000000316533
6900 0.000013945389 0.000000320869
6910 0.000014113735 0.000000317600
6920 0.000014501227 0.000000318832
6930 0.000014528704 0.000000328174
6940 0.000014628517 0.000000323459
6950 0.000014586607 0.000000327034
6960 0.000014547616 0.000000335497
6970 0.000014429517 0.000000322218
6980 0.000014723138 0.000000337500
6990 0.000014767296 0.000000327238
7000 0.000014835572 0.000000325949
7010 0.000014736126 0.000000319385
7020 0.000014391572 0.000000322624
7030 0.000014237702 0.000000322827
7040 0.000014850964 0.000000337174
7050 0.000014725897 0.000000324240
7060 0.000014677088 0.000000345158
7070 0.000014932579 0.000000329322
7080 0.000014690715 0.000000323002
7090 0.000014550594 0.000000319367
7100 0.000014891283 0.000000328815
7110 0.000014731630 0.000000322448
7120 0.000014555027 0.000000325179
7130 0.000014207525 0.000000336218
7140 0.000014779366 0.000000335800
7150 0.000015050664 0.000000331347
7160 0.000014828165 0.000000327784
7170 0.000014987043 0.000000329073
7180 0.000014688004 0.000000326193
7190 0.000014988927 0.000000335977
7200 0.000014853571 0.000000332491
7210 0.000014860290 0.000000346905
7220 0.000014999194 0.000000324601
7230 0.000014840688 0.000000332472
7240 0.000014775924 0.000000335060
7250 0.000014710197 0.000000334649
7260 0.000015159683 0.000000340830
7270 0.000015234635 0.000000336601
7280 0.000015012498 0.000000330332
7290 0.000015144950 0.000000335567
7300 0.000014883608 0.000000323971
7310 0.000014883618 0.000000328318
7320 0.000014979515 0.000000340950
7330 0.000015048413 0.000000328924
7340 0.000015087747 0.000000338963
7350 0.000014982353 0.000000329753
7360 0.000014766786 0.000000332131
7370 0.000014137049 0.000000331617
7380 0.000014992085 0.000000346511
7390 0.000014942542 0.000000324969
7400 0.000014983395 0.000000336983
7410 0.000015270179 0.000000335065
7420 0.000015299523 0.000000337318
7430 0.000015206305 0.000000347646
7440 0.000015165204 0.000000332989
7450 0.000015053125 0.000000333923
7460 0.000015030118 0.000000334948
7470 0.000015237038 0.000000335404
7480 0.000015382861 0.000000339195
7490 0.000015045011 0.000000334615
7500 0.000015233340 0.000000333318
7510 0.000015236967 0.000000341164
7520 0.000015349880 0.000000329447
7530 0.000015001801 0.000000331518
7540 0.000015511318 0.000000342217
7550 0.000015382254 0.000000344564
7560 0.000015437626 0.000000342827
7570 0.000015260865 0.000000339326
7580 0.000015335782 0.000000332612
7590 0.000015254310 0.000000338045
7600 0.000015347002 0.000000336571
7610 0.000014947995 0.000000328635
7620 0.000015204666 0.000000330593
7630 0.000015023178 0.000000347692
7640 0.000014831037 0.000000334374
7650 0.000014734594 0.000000337090
7660 0.000015411267 0.000000343935
7670 0.000015060822 0.000000334235
7680 0.000015114543 0.000000340842
7690 0.000015011688 0.000000341036
7700 0.000015438534 0.000000353496
7710 0.000015422286 0.000000345064
7720 0.000015130414 0.000000335263
7730 0.000015145013 0.000000335170
7740 0.000014999170 0.000000340489
7750 0.000015374825 0.000000344596
7760 0.000015605292 0.000000338963
7770 0.000015115296 0.000000339575
7780 0.000015203402 0.000000333893
7790 0.000015108929 0.000000338419
7800 0.000015110844 0.000000335949
7810 0.000014647110 0.000000334944
7820 0.000015292390 0.000000344033
7830 0.000015377144 0.000000332967
7840 0.000015561893 0.000000341528
7850 0.000015514447 0.000000332558
7860 0.000014881671 0.000000337504
7870 0.000015009938 0.000000331547
7880 0.000015099799 0.000000358771
7890 0.000015270220 0.000000335601
7900 0.000015144726 0.000000332047
7910 0.000015187042 0.000000328659
7920 0.000015330129 0.000000346318
7930 0.000015581851 0.000000337728
7940 0.000015303891 0.000000338570
7950 0.000015448183 0.000000339813
7960 0.000015360669 0.000000348748
7970 0.000015315067 0.000000333977
7980 0.000015541865 0.000000332252
7990 0.000015388835 0.000000342562
8000 0.000015347570 0.000000337948
8010 0.000015314910 0.000000330646
8020 0.000015452334 0.000000345223
8030 0.000014915117 0.000000346839
8040 0.000014986968 0.000000337752
8050 0.000015326582 0.000000342299
8060 0.000014936208 0.000000341292
8070 0.000015119583 0.000000334670
8080 0.000015480702 0.000000331945
8090 0.000015431509 0.000000340542
8100 0.000015377181 0.000000333435
8110 0.000015434445 0.000000336713
8120 0.000015609535 0.000000338739
8130 0.000015336535 0.000000340642
8140 0.000015197286 0.000000334359
8150 0.000015712489 0.000000344745
8160 0.000015098344 0.000000334245
8170 0.000015264064 0.000000350977
8180 0.000015396817 0.000000341199
8190 0.000015348580 0.000000338885
8200 0.000015424955 0.000000337494
8210 0.000015556025 0.000000340230
8220 0.000015574556 0.000000339857
8230 0.000015428858 0.000000347183
8240 0.000015253335 0.000000360005
8250 0.000015624498 0.000000342583
8260 0.000015253124 0.000000342580
8270 0.000015540440 0.000000339110
8280 0.000015563795 0.000000339079
8290 0.000015581821 0.000000350168
8300 0.000015640718 0.000000341323
8310 0.000015523522 0.000000341982
8320 0.000015349405 0.000000336882
8330 0.000015676203 0.000000350681
8340 0.000015203653 0.000000336070
8350 0.000015465080 0.000000346410
8360 0.000015287509 0.000000338221
8370 0.000015350836 0.000000343145
8380 0.000015061454 0.000000345678
8390 0.000015532101 0.000000340501
8400 0.000015686481 0.000000342876
8410 0.000015272144 0.000000339315
8420 0.000015735174 0.000000341994
8430 0.000015547555 0.000000333581
8440 0.000015642082 0.000000337242
8450 0.000015710557 0.000000352427
8460 0.000015644958 0.000000345147
8470 0.000015210904 0.000000341985
8480 0.000014991228 0.000000332460
8490 0.000015803391 0.000000346243
8500 0.000015391912 0.000000338420
8510 0.000015379267 0.000000342621
8520 0.000015689322 0.000000349239
8530 0.000015797088 0.000000345436
8540 0.000015778738 0.000000358567
8550 0.000015553425 0.000000340816
8560 0.000015302694 0.000000338881
8570 0.000015339773 0.000000348313
8580 0.000015676949 0.000000345227
8590 0.000015600531 0.000000340816
8600 0.000015721527 0.000000348529
8610 0.000015427676 0.000000353681
8620 0.000015098354 0.000000343983
8630 0.000015658778 0.000000339462
8640 0.000015725846 0.000000352533
8650 0.000015711762 0.000000339513
8660 0.000015770994 0.000000342231
8670 0.000015427564 0.000000347397
8680 0.000015689538 0.000000347957
8690 0.000015828574 0.000000339815
8700 0.000015852800 0.000000354774
8710 0.000015565523 0.000000338042
8720 0.000015383345 0.000000336172
8730 0.000015547857 0.000000341381
8740 0.000015553166 0.000000348463
8750 0.000015617516 0.000000346918
8760 0.000015889601 0.000000346280
8770 0.000015729766 0.000000341999
8780 0.000015644439 0.000000344721
8790 0.000015140276 0.000000347087
8800 0.000015706206 0.000000345552
8810 0.000015675774 0.000000345220
8820 0.000016001031 0.000000361606
8830 0.000015424101 0.000000356830
8840 0.000015180841 0.000000358401
8850 0.000015403009 0.000000359645
8860 0.000015577211 0.000000349154
8870 0.000015739329 0.000000349117
8880 0.000015562868 0.000000343896
8890 0.000015450825 0.000000360227
8900 0.000015760956 0.000000354255
8910 0.000015706126 0.000000356891
8920 0.000016043585 0.000000349530
8930 0.000015873317 0.000000350881
8940 0.000015279620 0.000000337651
8950 0.000015649577 0.000000343471
8960 0.000015890208 0.000000347795
8970 0.000015815695 0.000000345036
8980 0.000015565015 0.000000364098
8990 0.000015678581 0.000000349636
9000 0.000015885865 0.000000343622
9010 0.000015859568 0.000000345306
9020 0.000016090574 0.000000357723
9030 0.000015747334 0.000000342146
9040 0.000015718868 0.000000348543
9050 0.000015491613 0.000000351437
9060 0.000015913224 0.000000351472
9070 0.000015574490 0.000000356056
9080 0.000015521086 0.000000350226
9090 0.000016086461 0.000000351242
9100 0.000015835562 0.000000349558
9110 0.000015857279 0.000000347187
9120 0.000015697063 0.000000353620
9130 0.000015381000 0.000000344030
9140 0.000015938541 0.000000351087
9150 0.000016036800 0.000000347542
9160 0.000015699648 0.000000347251
9170 0.000015950420 0.000000354209
9180 0.000015964605 0.000000347822
9190 0.000016144807 0.000000353465
9200 0.000016117073 0.000000348659
9210 0.000015172383 0.000000352185
9220 0.000015768649 0.000000359314
9230 0.000015522301 0.000000352570
9240 0.000015955196 0.000000347509
9250 0.000016311681 0.000000347557
9260 0.000016182211 0.000000345971
9270 0.000015814955 0.000000337638
9280 0.000015557343 0.000000354192
9290 0.000015876927 0.000000348707
9300 0.000016073725 0.000000355264
9310 0.000016303080 0.000000352188
9320 0.000015911485 0.000000346066
9330 0.000015547101 0.000000348343
9340 0.000015314303 0.000000344264
9350 0.000016150361 0.000000349084
9360 0.000015903649 0.000000348281
9370 0.000015809326 0.000000344201
9380 0.000015476512 0.000000353427
9390 0.000015339193 0.000000357820
9400 0.000015663787 0.000000349869
9410 0.000016088476 0.000000354254
9420 0.000016086512 0.000000359500
9430 0.000016146226 0.000000353605
9440 0.000015733902 0.000000348949
9450 0.000016179660 0.000000363006
9460 0.000016123455 0.000000346313
9470 0.000015956177 0.000000352130
9480 0.000015960609 0.000000355494
9490 0.000015955087 0.000000352644
9500 0.000015785253 0.000000352791
9510 0.000015761860 0.000000352064
9520 0.000015782054 0.000000345861
9530 0.000016040680 0.000000364205
9540 0.000016244487 0.000000349813
9550 0.000016090722 0.000000349538
9560 0.000015853600 0.000000349981
9570 0.000016049107 0.000000347638
9580 0.000016056990 0.000000363207
9590 0.000015617964 0.000000355325
9600 0.000015655671 0.000000349180
9610 0.000016352652 0.000000359757
9620 0.000015980784 0.000000348261
9630 0.000015981643 0.000000349903
9640 0.000015989381 0.000000357449
9650 0.000016024830 0.000000357981
9660 0.000016228375 0.000000348878
9670 0.000016102639 0.000000352158
9680 0.000015912290 0.000000352441
9690 0.000016099456 0.000000362821
9700 0.000016324348 0.000000356093
9710 0.000016004840 0.000000352806
9720 0.000015735973 0.000000348732
9730 0.000016281962 0.000000351162
9740 0.000016343039 0.000000351987
9750 0.000016078306 0.000000350552
9760 0.000016109965 0.000000351134
9770 0.000016301449 0.000000351189
9780 0.000016409040 0.000000353509
9790 0.000016190217 0.000000356394
9800 0.000016160543 0.000000354277
9810 0.000016224123 0.000000357108
9820 0.000016147090 0.000000367884
9830 0.000016282548 0.000000352839
9840 0.000016388782 0.000000354211
9850 0.000016032761 0.000000351220
9860 0.000015859702 0.000000355493
9870 0.000015377304 0.000000350142
9880 0.000016169928 0.000000354599
9890 0.000016444047 0.000000359487
9900 0.000015942182 0.000000353490
9910 0.000015685094 0.000000351953
9920 0.000015090426 0.000000352237
9930 0.000016097675 0.000000345594
9940 0.000016543510 0.000000355366
9950 0.000016261586 0.000000359414
9960 0.000015803490 0.000000352750
9970 0.000016374527 0.000000355969
9980 0.000016170025 0.000000349191
9990 0.000016178076 0.000000360995
10000 0.000015983263 0.000000353560
