1222552.93 0.015 0.0009000000000000001 
1152381.06 0.019 0.0007 
1131715.41 0.023 0.0007 
1156433.48 0.027 0.0001 
1097994.45 0.031 0.0009000000000000001 
1065463.85 0.035 0.0005 
1047756.53 0.039 0.0001 
1043609.84 0.043000000000000003 0.0005 
1058945.72 0.047 0.0005 
1042581.03 0.051000000000000004 0.0011 
1018361.22 0.055 0.00030000000000000003 
1042443.84 0.059000000000000004 0.0009000000000000001 
1068782.77 0.063 0.0007 
1031756.91 0.067 0.00030000000000000003 
1019401.11 0.07100000000000001 0.0009000000000000001 
1034731.69 0.075 0.0011 
1003905.33 0.079 0.0005 
