1250267.41 0.015 0.0001 
1155596.06 0.019 0.0011 
1195874.67 0.023 0.0011 
1135702.01 0.027 0.0007 
1087608.37 0.031 0.0011 
1119656.25 0.035 0.0019 
1066319.83 0.039 0.0001 
1066570.41 0.043000000000000003 0.0013000000000000002 
1060766.72 0.047 0.00030000000000000003 
1094677.7 0.051000000000000004 0.0017000000000000001 
1065482.26 0.055 0.0007 
983468.84 0.059000000000000004 0.0019 
1050722.9 0.063 0.0001 
991350.78 0.067 0.0011 
1084547.71 0.07100000000000001 0.0015 
1120208.78 0.075 0.0001 
1004208.53 0.079 0.0013000000000000002 
