1413580.27 0.015 0.0015 
1286914.701 0.019 0.00030000000000000003 
1250372.49 0.023 0.0001 
1171206.73 0.027 0.0007 
1191092.2 0.031 0.0011 
1144741.08 0.035 0.00030000000000000003 
1124386.69 0.039 0.0009000000000000001 
1040953.34 0.043000000000000003 0.0009000000000000001 
1117264.24 0.047 0.0005 
1117910.62 0.051000000000000004 0.00030000000000000003 
1135112.711 0.055 0.0017000000000000001 
1116626.79 0.059000000000000004 0.0001 
1084496.88 0.063 0.0009000000000000001 
1104920.66 0.067 0.0007 
1052820.081 0.07100000000000001 0.0007 
1099733.851 0.075 0.0017000000000000001 
1072225.69 0.079 0.0001 
