1276686.16 0.015 0.0001 
1278507.97 0.019 0.0011 
1161372.95 0.023 0.0001 
1171746.06 0.027 0.0007 
1019598.5 0.031 0.00030000000000000003 
1138266.58 0.035 0.00030000000000000003 
1149375.6 0.039 0.0005 
1083499.53 0.043000000000000003 0.00030000000000000003 
1074173.52 0.047 0.0001 
1123742.06 0.051000000000000004 0.0017000000000000001 
1107203.29 0.055 0.0013000000000000002 
1108958.03 0.059000000000000004 0.0001 
1120169.56 0.063 0.0009000000000000001 
1059160.03 0.067 0.0001 
971026.42 0.07100000000000001 0.0007 
1140074.29 0.075 0.00030000000000000003 
1045370.55 0.079 0.00030000000000000003 
