1201060.32 0.015 0.0007 
1196829.827 0.019 0.0007 
1164762.43 0.023 0.0007 
1114916.5 0.027 0.0009000000000000001 
1042349.77 0.031 0.0005 
1094767.167 0.035 0.0005 
1058078.12 0.039 0.0001 
974141.31 0.043000000000000003 0.0013000000000000002 
1055637.31 0.047 0.00030000000000000003 
988256.1 0.051000000000000004 0.0007 
1018972.1 0.055 0.0017000000000000001 
983511.887 0.059000000000000004 0.0001 
970480.05 0.063 0.0007 
987432.627 0.067 0.0013000000000000002 
1074715.037 0.07100000000000001 0.0015 
1025248.54 0.075 0.0013000000000000002 
1048770.2 0.079 0.0007 
