1287180.6 0.015 0.0001 
1262480.2 0.019 0.0017000000000000001 
1063207.81 0.023 0.0009000000000000001 
1108320.0 0.027 0.00030000000000000003 
1096595.39 0.031 0.0007 
1096341.04 0.035 0.0001 
1106478.66 0.039 0.0005 
1057136.41 0.043000000000000003 0.00030000000000000003 
1083593.93 0.047 0.0001 
1070946.25 0.051000000000000004 0.0001 
1040653.18 0.055 0.0011 
1076748.1 0.059000000000000004 0.0013000000000000002 
1031312.16 0.063 0.00030000000000000003 
997559.32 0.067 0.0001 
1013054.28 0.07100000000000001 0.0017000000000000001 
1085342.76 0.075 0.0005 
1036179.94 0.079 0.0001 
