888774.9268 0.015 0.0011 
802685.9569 0.019 0.00030000000000000003 
661276.5914 0.023 0.0015 
673169.379 0.027 0.0007 
663918.7796 0.031 0.0005 
627076.609 0.035 0.0011 
597402.9007 0.039 0.00030000000000000003 
541209.1009 0.043000000000000003 0.0005 
525455.292 0.047 0.0005 
531336.1805 0.051000000000000004 0.0009000000000000001 
543129.5539 0.055 0.00030000000000000003 
561842.9058 0.059000000000000004 0.0001 
575187.2386 0.063 0.00030000000000000003 
522961.5142 0.067 0.0005 
418828.8246 0.07100000000000001 0.0011 
489945.1476 0.075 0.0017000000000000001 
433602.7063 0.079 0.0009000000000000001 
