669330.5914 0.015 0.0001 
641065.8674 0.019 0.0005 
632285.412 0.023 0.0005 
647799.4891 0.027 0.00030000000000000003 
532784.9502 0.031 0.0005 
519520.4626 0.035 0.0011 
534314.8489 0.039 0.0019 
527616.8044 0.043000000000000003 0.0005 
485931.749 0.047 0.0001 
525636.5107 0.051000000000000004 0.0013000000000000002 
522011.159 0.055 0.0017000000000000001 
533797.7797 0.059000000000000004 0.0015 
491273.3968 0.063 0.00030000000000000003 
505473.0937 0.067 0.0015 
452105.8203 0.07100000000000001 0.00030000000000000003 
474732.9302 0.075 0.0009000000000000001 
534019.1596 0.079 0.0001 
