743487.844 0.015 0.0019 
707909.1067 0.019 0.0013000000000000002 
676913.0294 0.023 0.00030000000000000003 
613734.13537 0.027 0.0005 
619962.0006 0.031 0.00030000000000000003 
589631.1739 0.035 0.0001 
571891.8867 0.039 0.0007 
522870.55087 0.043000000000000003 0.0011 
492897.5479 0.047 0.0005 
488611.9498 0.051000000000000004 0.00030000000000000003 
557127.82227 0.055 0.00030000000000000003 
504388.4774 0.059000000000000004 0.00030000000000000003 
546768.6405 0.063 0.0001 
545763.5148 0.067 0.0019 
600322.7594 0.07100000000000001 0.00030000000000000003 
495859.7616 0.075 0.0015 
548523.19307 0.079 0.0001 
