996214.1592 0.015 0.0009000000000000001 
963078.8644 0.019 0.0013000000000000002 
717620.747 0.023 0.0005 
851067.0453 0.027 0.0011 
808639.1997 0.031 0.0005 
770321.6057 0.035 0.0001 
750864.199 0.039 0.0017000000000000001 
728160.8925 0.043000000000000003 0.0013000000000000002 
680232.5513 0.047 0.0005 
619721.438 0.051000000000000004 0.0005 
709238.1774 0.055 0.0011 
656311.5113 0.059000000000000004 0.0011 
659236.6659 0.063 0.0001 
668781.6875 0.067 0.0013000000000000002 
690225.729 0.07100000000000001 0.0001 
711151.2327 0.075 0.0011 
714016.3313 0.079 0.00030000000000000003 
