815031.653 0.015 0.0017000000000000001 
743151.7918 0.019 0.0001 
687097.6925 0.023 0.0001 
597961.1039 0.027 0.0017000000000000001 
550281.8898 0.031 0.00030000000000000003 
616720.6574 0.035 0.00030000000000000003 
597993.4878 0.039 0.0011 
601927.1041 0.043000000000000003 0.0007 
504917.706 0.047 0.0011 
528252.646 0.051000000000000004 0.00030000000000000003 
582026.2766 0.055 0.0015 
518836.9159 0.059000000000000004 0.00030000000000000003 
427874.4498 0.063 0.0007 
510740.9763 0.067 0.0009000000000000001 
439892.0814 0.07100000000000001 0.0005 
548509.0198 0.075 0.0013000000000000002 
578566.3721 0.079 0.0007 
