1086489.93709 0.015 0.0005 
1006882.9609 0.019 0.0015 
920881.6802 0.023 0.0005 
885019.86389 0.027 0.0013000000000000002 
812334.98799 0.031 0.0005 
864002.3435 0.035 0.0001 
886762.4043 0.039 0.00030000000000000003 
796088.3541 0.043000000000000003 0.0009000000000000001 
791625.72819 0.047 0.0019 
791320.2157 0.051000000000000004 0.00030000000000000003 
781619.07879 0.055 0.0013000000000000002 
714181.15349 0.059000000000000004 0.0009000000000000001 
657376.51819 0.063 0.0011 
800726.4684 0.067 0.0015 
664249.71989 0.07100000000000001 0.0005 
714002.0744 0.075 0.00030000000000000003 
822930.9664 0.079 0.0005 
