1993704.884 0.015 0.0011 
1902043.893 0.019 0.0001 
1893774.672 0.023 0.0011 
1747351.22 0.027 0.0007 
1892054.39 0.031 0.0005 
1791120.108 0.035 0.0013000000000000002 
1764165.961 0.039 0.0013000000000000002 
1804388.06 0.043000000000000003 0.0007 
1704860.714 0.047 0.00030000000000000003 
1724672.392 0.051000000000000004 0.0001 
1781779.12 0.055 0.0005 
1718987.804 0.059000000000000004 0.0001 
1771289.708 0.063 0.00030000000000000003 
1721913.308 0.067 0.0007 
1724274.988 0.07100000000000001 0.0007 
1755869.158 0.075 0.0001 
1617442.95 0.079 0.0011 
