2152544.78 0.015 0.00030000000000000003 
2179741.43 0.019 0.0007 
2060269.69 0.023 0.0001 
2053986.29 0.027 0.0019 
2034085.24 0.031 0.00030000000000000003 
1935664.99 0.035 0.0021000000000000003 
1955575.03 0.039 0.0013000000000000002 
1980953.29 0.043000000000000003 0.0011 
1865385.37 0.047 0.0011 
1977192.45 0.051000000000000004 0.0007 
1869255.04 0.055 0.0005 
1773328.22 0.059000000000000004 0.00030000000000000003 
1895405.48 0.063 0.0017000000000000001 
1825545.51 0.067 0.0005 
1738007.5 0.07100000000000001 0.00030000000000000003 
1818087.18 0.075 0.0011 
1879445.61 0.079 0.00030000000000000003 
