[555762.52, 0.031, 0.0001]
[556125.8, 0.061, 0.0061]
[556699.93, 0.031, 0.0031]
[583941.94, 0.151, 0.0061]
[584593.65, 0.091, 0.0001]
[589189.71, 0.061, 0.0091]
[589845.25, 0.061, 0.0001]
[601510.18, 0.031, 0.0061]
[605143.57, 0.121, 0.0061]
[611107.69, 0.121, 0.0031]
[611569.68, 0.181, 0.0091]
[618225.41, 0.151, 0.0031]
[620424.82, 0.091, 0.0031]
[626451.76, 0.091, 0.0091]
[638236.1, 0.091, 0.0061]
[639602.73, 0.061, 0.0031]
[648059.21, 0.151, 0.0091]
[648063.19, 0.151, 0.0001]
[649721.74, 0.031, 0.0091]
[650642.43, 0.121, 0.0001]
[662846.32, 0.181, 0.0031]
[664396.5, 0.181, 0.0061]
[672501.02, 0.181, 0.0001]
[680376.82, 0.121, 0.0091]
[854804.38, 0.001, 0.0031]
[905539.23, 0.001, 0.0061]
[919683.47, 0.001, 0.0091]
[922771.51, 0.001, 0.0001]