691115.3 0.015 0.0009000000000000001 
622065.74 0.019 0.0013000000000000002 
617863.62 0.023 0.0013000000000000002 
618860.1 0.027 0.00030000000000000003 
558235.68 0.031 0.00030000000000000003 
573755.28 0.035 0.00030000000000000003 
563271.66 0.039 0.0001 
583376.2 0.043000000000000003 0.0017000000000000001 
569325.46 0.047 0.0007 
581135.01 0.051000000000000004 0.0007 
571467.51 0.055 0.0007 
560161.75 0.059000000000000004 0.0007 
568165.35 0.063 0.0009000000000000001 
548251.95 0.067 0.0019 
576048.32 0.07100000000000001 0.0001 
591443.13 0.075 0.0017000000000000001 
585463.62 0.079 0.0011 
