743349.52 0.015 0.00030000000000000003 
683998.16 0.019 0.0019 
714067.27 0.023 0.0013000000000000002 
672458.79 0.027 0.0007 
651362.55 0.031 0.0017000000000000001 
695810.92 0.035 0.00030000000000000003 
630724.72 0.039 0.0013000000000000002 
623137.4 0.043000000000000003 0.0015 
620683.25 0.047 0.0009000000000000001 
625750.53 0.051000000000000004 0.0005 
673235.32 0.055 0.0005 
625715.55 0.059000000000000004 0.0015 
632563.2 0.063 0.0017000000000000001 
627517.88 0.067 0.0013000000000000002 
633477.09 0.07100000000000001 0.00030000000000000003 
605022.8 0.075 0.0017000000000000001 
636384.93 0.079 0.0013000000000000002 
