701152.75 0.015 0.0001 
698987.02 0.019 0.0013000000000000002 
666491.01 0.023 0.0017000000000000001 
611570.97 0.027 0.00030000000000000003 
631777.58 0.031 0.00030000000000000003 
619398.15 0.035 0.00030000000000000003 
609987.15 0.039 0.0005 
580225.91 0.043000000000000003 0.0009000000000000001 
577596.72 0.047 0.0001 
551899.52 0.051000000000000004 0.0007 
614645.81 0.055 0.00030000000000000003 
626115.3 0.059000000000000004 0.0015 
596915.85 0.063 0.0001 
608433.62 0.067 0.0009000000000000001 
599845.3 0.07100000000000001 0.0011 
564911.39 0.075 0.0007 
609606.67 0.079 0.0005 
