671288.32 0.015 0.0013000000000000002 
619233.6 0.019 0.0001 
592003.43 0.023 0.0011 
592546.13 0.027 0.0019 
584246.4 0.031 0.0017000000000000001 
586258.0 0.035 0.0017000000000000001 
562681.83 0.039 0.0011 
582412.9 0.043000000000000003 0.0015 
561878.07 0.047 0.0013000000000000002 
581195.25 0.051000000000000004 0.0015 
611555.36 0.055 0.0009000000000000001 
544932.26 0.059000000000000004 0.0009000000000000001 
594233.53 0.063 0.0009000000000000001 
586276.32 0.067 0.0005 
573470.24 0.07100000000000001 0.0011 
578984.33 0.075 0.0007 
574949.95 0.079 0.00030000000000000003 
