1002327.71 0.001 0.0001 
1034616.79 0.003 0.00030000000000000003 
941421.43 0.005 0.0015 
967931.884 0.007 0.0017000000000000001 
817907.394 0.009000000000000001 0.0001 
856666.424 0.011 0.0009000000000000001 
871154.39 0.013000000000000001 0.00030000000000000003 
752943.824 0.015 0.0013000000000000002 
803417.99 0.017 0.0007 
768502.05 0.019 0.0001 
779405.24 0.021 0.00030000000000000003 
759227.51 0.023 0.0009000000000000001 
738511.06 0.025 0.00030000000000000003 
735401.52 0.027 0.0011 
732128.884 0.029 0.0009000000000000001 
736924.494 0.031 0.0009000000000000001 
664974.42 0.033 0.0009000000000000001 
694118.79 0.035 0.0011 
632770.74 0.037 0.0007 
674305.21 0.039 0.0009000000000000001 
