733132.41 0.015 0.0019 
672104.179 0.019 0.0001 
630682.899 0.023 0.0007 
580648.09 0.027 0.0001 
620547.659 0.031 0.0007 
582037.149 0.035 0.0005 
624946.409 0.039 0.00030000000000000003 
643514.759 0.043000000000000003 0.0013000000000000002 
619252.329 0.047 0.0009000000000000001 
617396.03 0.051000000000000004 0.0011 
611820.609 0.055 0.0005 
624893.539 0.059000000000000004 0.00030000000000000003 
603838.419 0.063 0.0013000000000000002 
606047.429 0.067 0.0011 
572853.13 0.07100000000000001 0.0005 
624786.979 0.075 0.0001 
632229.28 0.079 0.0013000000000000002 
