455683.917 0.015 0.0001 
338911.7954 0.019 0.0017000000000000001 
397178.346 0.023 0.00030000000000000003 
357076.7684 0.027 0.0001 
309931.3079 0.031 0.0007 
357146.2269 0.035 0.00030000000000000003 
352250.5895 0.039 0.0011 
358020.8895 0.043000000000000003 0.0015 
343877.4429 0.047 0.0009000000000000001 
334425.8019 0.051000000000000004 0.0005 
368007.4589 0.055 0.0013000000000000002 
316745.4619 0.059000000000000004 0.0001 
374856.4535 0.063 0.0007 
322167.1364 0.067 0.00030000000000000003 
348002.2159 0.07100000000000001 0.0007 
360975.113 0.075 0.0017000000000000001 
357876.197 0.079 0.0019 
