413030.1023 0.015 0.0011 
416879.3463 0.019 0.0009000000000000001 
373715.062 0.023 0.00030000000000000003 
375977.4153 0.027 0.0011 
343632.4083 0.031 0.0005 
374343.2323 0.035 0.0011 
348229.257 0.039 0.00030000000000000003 
360912.235 0.043000000000000003 0.0013000000000000002 
369528.9863 0.047 0.0013000000000000002 
377618.0783 0.051000000000000004 0.0013000000000000002 
353852.9153 0.055 0.0007 
342784.8623 0.059000000000000004 0.00030000000000000003 
364564.9493 0.063 0.0011 
341035.7423 0.067 0.0005 
377149.9333 0.07100000000000001 0.0001 
341996.8013 0.075 0.0011 
376517.8863 0.079 0.0009000000000000001 
