533547.6728 0.015 0.00030000000000000003 
527100.0569 0.019 0.0015 
395043.6378 0.023 0.00030000000000000003 
474373.693 0.027 0.0005 
430529.643 0.031 0.0019 
434901.1369 0.035 0.0013000000000000002 
401686.5689 0.039 0.0001 
428590.1099 0.043000000000000003 0.0007 
365247.0919 0.047 0.0005 
407234.086 0.051000000000000004 0.0015 
415007.063 0.055 0.0019 
427651.0839 0.059000000000000004 0.0019 
397198.2529 0.063 0.0005 
408760.691 0.067 0.0019 
468626.946 0.07100000000000001 0.0019 
439623.693 0.075 0.0001 
410242.2049 0.079 0.0015 
