399474.274 0.015 0.0001 
356627.764 0.019 0.0019 
356132.677 0.023 0.00030000000000000003 
325372.395 0.027 0.0019 
304552.971 0.031 0.0017000000000000001 
305622.762 0.035 0.0001 
308428.028 0.039 0.0009000000000000001 
284050.638 0.043000000000000003 0.0005 
280967.103 0.047 0.00030000000000000003 
281630.257 0.051000000000000004 0.0019 
284153.058 0.055 0.0019 
361390.896 0.059000000000000004 0.0001 
336465.362 0.063 0.0015 
346735.774 0.067 0.0017000000000000001 
288436.071 0.07100000000000001 0.0011 
316754.427 0.075 0.0007 
323566.456 0.079 0.0001 
