509330.7695 0.015 0.0005 
460080.516 0.019 0.0015 
437602.031 0.023 0.0009000000000000001 
413636.36 0.027 0.0005 
412086.727 0.031 0.0017000000000000001 
400058.0295 0.035 0.0005 
366542.16 0.039 0.0019 
374471.871 0.043000000000000003 0.00030000000000000003 
403380.92 0.047 0.0005 
394293.4105 0.051000000000000004 0.0005 
386963.2345 0.055 0.0015 
426761.8595 0.059000000000000004 0.0013000000000000002 
435776.4825 0.063 0.0007 
386881.3005 0.067 0.00030000000000000003 
441693.376 0.07100000000000001 0.0013000000000000002 
391453.784 0.075 0.0001 
405807.553 0.079 0.00030000000000000003 
