400675.005 0.015 0.0001 
453632.983 0.019 0.0019 
405716.988 0.023 0.0007 
381273.0 0.027 0.0007 
361796.166 0.031 0.0019 
425304.044 0.035 0.0009000000000000001 
395774.314 0.039 0.0007 
404410.322 0.043000000000000003 0.0019 
394215.815 0.047 0.0005 
385916.255 0.051000000000000004 0.0015 
387503.549 0.055 0.0005 
382248.797 0.059000000000000004 0.00030000000000000003 
376791.177 0.063 0.0019 
424517.116 0.067 0.0009000000000000001 
370522.631 0.07100000000000001 0.0011 
420296.944 0.075 0.0001 
380060.789 0.079 0.0019 
