4304497.584 0.001 0.0013000000000000002 
4130414.75 0.003 0.0009000000000000001 
4045334.94 0.005 0.0021000000000000003 
4027350.53 0.007 0.0001 
3959584.804 0.009000000000000001 0.0009000000000000001 
3851566.804 0.011 0.0001 
3864957.26 0.013000000000000001 0.0017000000000000001 
3945167.7 0.015 0.0001 
3801828.43 0.017 0.0011 
3747006.44 0.019 0.00030000000000000003 
3722245.21 0.021 0.0005 
3707963.31 0.023 0.0013000000000000002 
3629034.89 0.025 0.00030000000000000003 
3603011.37 0.027 0.0001 
3474844.34 0.029 0.0005 
3505734.394 0.031 0.0005 
3569005.19 0.033 0.0015 
3513954.84 0.035 0.0001 
3584508.45 0.037 0.0001 
3543358.16 0.039 0.00030000000000000003 
