3962684.57 0.015 0.00030000000000000003 
3891099.3 0.019 0.00030000000000000003 
3704928.65 0.023 0.00030000000000000003 
3799502.97 0.027 0.0019 
3681722.49 0.031 0.0007 
3718080.83 0.035 0.0009000000000000001 
3601503.45 0.039 0.00030000000000000003 
3452436.27 0.043000000000000003 0.0005 
3492582.51 0.047 0.00030000000000000003 
3589498.16 0.051000000000000004 0.0001 
3568070.81 0.055 0.00030000000000000003 
3497069.39 0.059000000000000004 0.00030000000000000003 
3504267.44 0.063 0.0001 
3487939.36 0.067 0.0007 
3425464.88 0.07100000000000001 0.0005 
3477189.33 0.075 0.0005 
3633013.67 0.079 0.00030000000000000003 
