3634109.21 0.015 0.0001 
3340223.36 0.019 0.00030000000000000003 
3341876.36 0.023 0.0005 
3328024.473 0.027 0.0001 
3356650.13 0.031 0.00030000000000000003 
3193021.82 0.035 0.00030000000000000003 
3344198.57 0.039 0.0001 
3167958.41 0.043000000000000003 0.0009000000000000001 
3164143.66 0.047 0.00030000000000000003 
3192476.56 0.051000000000000004 0.00030000000000000003 
3163228.35 0.055 0.0001 
3156019.65 0.059000000000000004 0.00030000000000000003 
3023598.16 0.063 0.0001 
3070194.832 0.067 0.00030000000000000003 
3103038.71 0.07100000000000001 0.0007 
3248735.92 0.075 0.0005 
2989971.91 0.079 0.0001 
