3603298.24 0.015 0.0001 
3414765.75 0.019 0.0011 
3328353.95 0.023 0.0007 
3310924.91 0.027 0.0001 
3232499.89 0.031 0.0005 
3231699.08 0.035 0.0001 
3251236.87 0.039 0.0005 
3261753.26 0.043000000000000003 0.0009000000000000001 
3175286.85 0.047 0.00030000000000000003 
3035533.33 0.051000000000000004 0.0001 
3218387.18 0.055 0.00030000000000000003 
3166362.422 0.059000000000000004 0.0007 
3080615.79 0.063 0.0001 
3063257.99 0.067 0.0011 
3122825.22 0.07100000000000001 0.00030000000000000003 
3073103.83 0.075 0.0001 
3071247.32 0.079 0.0001 
