3555009.56 0.015 0.00030000000000000003 
3460590.9 0.019 0.00030000000000000003 
3354711.72 0.023 0.0005 
3357694.19 0.027 0.00030000000000000003 
3196127.83 0.031 0.0005 
3129258.62 0.035 0.00030000000000000003 
3153489.43 0.039 0.0007 
3101220.11 0.043000000000000003 0.00030000000000000003 
3051999.789 0.047 0.0001 
3094070.98 0.051000000000000004 0.0017000000000000001 
3080731.009 0.055 0.0009000000000000001 
3192641.97 0.059000000000000004 0.0005 
3030484.33 0.063 0.0009000000000000001 
3118103.38 0.067 0.0007 
2992757.59 0.07100000000000001 0.0001 
3013411.15 0.075 0.0001 
3076895.96 0.079 0.0001 
