3521936.12 0.015 0.00030000000000000003 
3320734.994 0.019 0.0001 
3482553.3 0.023 0.0001 
3327263.31 0.027 0.00030000000000000003 
3175869.09 0.031 0.00030000000000000003 
3256844.94 0.035 0.00030000000000000003 
3276410.73 0.039 0.00030000000000000003 
3163500.3 0.043000000000000003 0.0001 
3048270.32 0.047 0.0001 
3107519.87 0.051000000000000004 0.0001 
3253546.64 0.055 0.0005 
3103864.01 0.059000000000000004 0.0001 
2962044.78 0.063 0.0005 
3143168.87 0.067 0.0001 
3221304.0 0.07100000000000001 0.0007 
3223637.83 0.075 0.0009000000000000001 
3075280.04 0.079 0.0001 
