2930024.28763 0.015 0.0005 
2922042.0677 0.019 0.0005 
2478772.5456 0.023 0.0001 
2541136.7539 0.027 0.00030000000000000003 
2575633.1341 0.031 0.00030000000000000003 
2278375.7317 0.035 0.0007 
2519857.7457 0.039 0.00030000000000000003 
2182455.4886 0.043000000000000003 0.00030000000000000003 
2402964.92297 0.047 0.0005 
2230629.7254 0.051000000000000004 0.00030000000000000003 
2350957.245 0.055 0.00030000000000000003 
2352484.1776 0.059000000000000004 0.0005 
2457642.3175 0.063 0.00030000000000000003 
2216139.0073 0.067 0.0001 
2391575.2963 0.07100000000000001 0.0001 
2440869.991 0.075 0.0001 
2254739.4551 0.079 0.0005 
