2447990.61073 0.015 0.0013000000000000002 
2331452.8221 0.019 0.0011 
2150599.4416 0.023 0.00030000000000000003 
2094735.22431 0.027 0.00030000000000000003 
2171393.03381 0.031 0.0001 
1980957.3142 0.035 0.0001 
2005424.878 0.039 0.0007 
2013929.4101 0.043000000000000003 0.0001 
1921523.5293 0.047 0.00030000000000000003 
2132327.8385 0.051000000000000004 0.0007 
2027385.26963 0.055 0.00030000000000000003 
1976547.6957 0.059000000000000004 0.0005 
2060198.56111 0.063 0.00030000000000000003 
1892831.78 0.067 0.0001 
2089244.9798 0.07100000000000001 0.0007 
1999286.4937 0.075 0.0001 
1997220.1567 0.079 0.0001 
