2572223.6207 0.015 0.0013000000000000002 
2376128.2952 0.019 0.00030000000000000003 
2410141.56696 0.023 0.0001 
2292231.17796 0.027 0.00030000000000000003 
2177702.556 0.031 0.00030000000000000003 
2126772.22242 0.035 0.00030000000000000003 
2220631.72992 0.039 0.0005 
2172395.6702 0.043000000000000003 0.00030000000000000003 
2142310.14856 0.047 0.0001 
2162170.67338 0.051000000000000004 0.00030000000000000003 
2184615.1759 0.055 0.00030000000000000003 
1966588.1693 0.059000000000000004 0.0001 
2047585.1295 0.063 0.00030000000000000003 
2134907.7918 0.067 0.00030000000000000003 
2163752.7694 0.07100000000000001 0.0001 
2169432.9386 0.075 0.00030000000000000003 
2116234.2294 0.079 0.0001 
