3496260.1107 0.015 0.0001 
3285329.0454 0.019 0.0005 
3070443.01474 0.023 0.0001 
3122863.1503 0.027 0.0011 
3179232.6671 0.031 0.0005 
3076641.4575 0.035 0.0005 
2887008.31694 0.039 0.0001 
2803707.0571 0.043000000000000003 0.0001 
2940598.0256 0.047 0.0001 
2851769.9788 0.051000000000000004 0.0001 
2811549.7879 0.055 0.0001 
2878165.33024 0.059000000000000004 0.00030000000000000003 
2928057.6146 0.063 0.0005 
2947158.06567 0.067 0.0001 
2894297.9933 0.07100000000000001 0.0007 
2822266.72344 0.075 0.00030000000000000003 
2999345.6231 0.079 0.0009000000000000001 
