2948310.0223 0.015 0.0005 
2694564.1211 0.019 0.0009000000000000001 
2669454.9581 0.023 0.0011 
2625123.1165 0.027 0.0005 
2430614.7063 0.031 0.0001 
2348796.26833 0.035 0.0001 
2477661.7167 0.039 0.0005 
2314132.7027 0.043000000000000003 0.0001 
2395781.8045 0.047 0.0009000000000000001 
2182068.8434 0.051000000000000004 0.0011 
2389834.8718 0.055 0.0009000000000000001 
2309958.76213 0.059000000000000004 0.00030000000000000003 
2319302.3886 0.063 0.0005 
2388448.6029 0.067 0.0005 
2429207.643 0.07100000000000001 0.0009000000000000001 
2389783.7953 0.075 0.00030000000000000003 
2316867.7038 0.079 0.0009000000000000001 
