2877313.5891 0.015 0.00030000000000000003 
2946214.1241 0.019 0.00030000000000000003 
2534471.6119 0.023 0.00030000000000000003 
2699345.3508 0.027 0.0001 
2622126.4096 0.031 0.0005 
2616253.3145 0.035 0.0001 
2557776.5397 0.039 0.0001 
2572396.5242 0.043000000000000003 0.0001 
2432194.1208 0.047 0.0001 
2545404.2995 0.051000000000000004 0.0001 
2503266.47423 0.055 0.0005 
2274735.5038 0.059000000000000004 0.0001 
2386282.66833 0.063 0.0011 
2397256.11657 0.067 0.0005 
2329007.58821 0.07100000000000001 0.0001 
2333129.91691 0.075 0.0005 
2429358.17352 0.079 0.00030000000000000003 
