1113287.42 0.001 0.0009000000000000001 
1105175.71 0.003 0.0017000000000000001 
1013031.41 0.005 0.0015 
1048652.86 0.007 0.0021000000000000003 
1027358.17 0.009000000000000001 0.0005 
871527.67 0.011 0.0017000000000000001 
938168.08 0.013000000000000001 0.0019 
913717.33 0.015 0.0017000000000000001 
884070.75 0.017 0.0021000000000000003 
845453.44 0.019 0.0005 
844719.56 0.021 0.0021000000000000003 
840633.42 0.023 0.0005 
758593.52 0.025 0.0015 
780950.97 0.027 0.0021000000000000003 
751661.25 0.029 0.0021000000000000003 
747067.79 0.031 0.0011 
708610.42 0.033 0.0011 
754459.59 0.035 0.0005 
757897.29 0.037 0.0015 
759065.19 0.039 0.0005 
