1867810.303 0.015 0.0015 
1770981.68 0.019 0.0005 
1667411.203 0.023 0.0001 
1698984.89 0.027 0.0007 
1607772.54 0.031 0.00030000000000000003 
1643081.16 0.035 0.0005 
1597093.51 0.039 0.0001 
1604475.873 0.043000000000000003 0.0007 
1553110.833 0.047 0.0001 
1600616.13 0.051000000000000004 0.0005 
1514340.2 0.055 0.0001 
1479804.23 0.059000000000000004 0.0001 
1572554.84 0.063 0.0009000000000000001 
1562869.479 0.067 0.0001 
1588850.603 0.07100000000000001 0.0001 
1481517.719 0.075 0.00030000000000000003 
1594010.12 0.079 0.00030000000000000003 
