1837467.204 0.015 0.0007 
1694252.6 0.019 0.0005 
1720120.42 0.023 0.0011 
1588343.62 0.027 0.0011 
1610249.99 0.031 0.00030000000000000003 
1571469.14 0.035 0.0001 
1549298.077 0.039 0.0009000000000000001 
1529275.794 0.043000000000000003 0.0007 
1545007.93 0.047 0.0007 
1546416.2 0.051000000000000004 0.00030000000000000003 
1482709.38 0.055 0.00030000000000000003 
1462685.22 0.059000000000000004 0.0007 
1473521.4 0.063 0.00030000000000000003 
1492780.45 0.067 0.00030000000000000003 
1521347.804 0.07100000000000001 0.0001 
1519194.5 0.075 0.0007 
1462578.881 0.079 0.0007 
