2025518.51 0.015 0.0015 
1830735.2 0.019 0.0007 
1787455.14 0.023 0.0017000000000000001 
1782552.31 0.027 0.0001 
1748921.72 0.031 0.0013000000000000002 
1701417.8 0.035 0.0005 
1663957.97 0.039 0.0017000000000000001 
1693813.19 0.043000000000000003 0.0005 
1492830.36 0.047 0.0001 
1700568.86 0.051000000000000004 0.0001 
1650551.93 0.055 0.0005 
1618955.94 0.059000000000000004 0.0007 
1603992.26 0.063 0.0017000000000000001 
1686864.64 0.067 0.0011 
1550667.51 0.07100000000000001 0.0009000000000000001 
1598285.47 0.075 0.00030000000000000003 
1554869.42 0.079 0.0013000000000000002 
