1932080.31 0.015 0.0009000000000000001 
1761054.55 0.019 0.0005 
1619692.786 0.023 0.00030000000000000003 
1566061.601 0.027 0.0001 
1715035.99 0.031 0.0009000000000000001 
1597636.217 0.035 0.0013000000000000002 
1668486.05 0.039 0.0005 
1632252.68 0.043000000000000003 0.0001 
1566191.936 0.047 0.0005 
1620655.186 0.051000000000000004 0.0001 
1635504.066 0.055 0.0011 
1581636.401 0.059000000000000004 0.0007 
1617660.51 0.063 0.0007 
1570290.98 0.067 0.0013000000000000002 
1575005.44 0.07100000000000001 0.0007 
1622149.036 0.075 0.0017000000000000001 
1608903.5 0.079 0.0001 
