2225175.24 0.001 0.0007 
2181740.65 0.003 0.0007 
2172935.39 0.005 0.0019 
2062044.78 0.007 0.0019 
2022147.3 0.009000000000000001 0.0017000000000000001 
2033421.05 0.011 0.0001 
1971918.06 0.013000000000000001 0.0001 
1897339.04 0.015 0.0001 
1968037.0 0.017 0.0011 
1942607.11 0.019 0.0015 
1783222.78 0.021 0.0009000000000000001 
1872157.75 0.023 0.0021000000000000003 
1849072.2 0.025 0.0001 
1801371.73 0.027 0.0015 
1789101.37 0.029 0.00030000000000000003 
1792544.23 0.031 0.0005 
1709240.0 0.033 0.0013000000000000002 
1739997.39 0.035 0.0005 
1756860.32 0.037 0.0015 
1780784.67 0.039 0.0011 
