1727600.66 0.015 0.00030000000000000003 
1685456.39 0.019 0.0013000000000000002 
1580577.98 0.023 0.0005 
1675537.95 0.027 0.0019 
1553030.41 0.031 0.0005 
1586489.4 0.035 0.00030000000000000003 
1522265.59 0.039 0.0001 
1534151.54 0.043000000000000003 0.00030000000000000003 
1588957.07 0.047 0.0001 
1556526.91 0.051000000000000004 0.0007 
1470577.99 0.055 0.0001 
1521872.28 0.059000000000000004 0.0005 
1525297.43 0.063 0.0001 
1465814.05 0.067 0.00030000000000000003 
1557616.84 0.07100000000000001 0.00030000000000000003 
1520573.02 0.075 0.0015 
1537837.37 0.079 0.00030000000000000003 
