1499357.0075 0.015 0.0001 
1299199.5677 0.019 0.0005 
1266854.8494 0.023 0.0001 
1279889.661 0.027 0.0005 
1186881.1986 0.031 0.0005 
1180304.7169 0.035 0.00030000000000000003 
1172238.342 0.039 0.0009000000000000001 
1112706.7621 0.043000000000000003 0.0005 
1107975.6385 0.047 0.0009000000000000001 
1157503.1344 0.051000000000000004 0.0015 
1111379.5546 0.055 0.00030000000000000003 
1091690.4247 0.059000000000000004 0.0011 
1120776.9406 0.063 0.0007 
1133562.0104 0.067 0.00030000000000000003 
1172459.3085 0.07100000000000001 0.0011 
1108957.0804 0.075 0.0009000000000000001 
1130538.2335 0.079 0.0013000000000000002 
