1316050.26096 0.015 0.0005 
1250478.3418 0.019 0.0005 
1182569.3034 0.023 0.00030000000000000003 
1061977.5191 0.027 0.0001 
1080595.97196 0.031 0.0009000000000000001 
1097612.22061 0.035 0.0005 
1083546.55 0.039 0.0017000000000000001 
1033338.1521 0.043000000000000003 0.0013000000000000002 
973309.82341 0.047 0.00030000000000000003 
984627.8072 0.051000000000000004 0.0005 
966696.6082 0.055 0.0001 
1019255.1754 0.059000000000000004 0.0007 
1013722.6278 0.063 0.0013000000000000002 
938016.7809 0.067 0.00030000000000000003 
950806.80307 0.07100000000000001 0.0011 
972038.0452 0.075 0.00030000000000000003 
923865.9972 0.079 0.0005 
