1638716.651 0.015 0.0007 
1473698.4208 0.019 0.0005 
1377443.2758 0.023 0.0001 
1333140.4076 0.027 0.0001 
1265318.884 0.031 0.0015 
1298793.8511 0.035 0.0019 
1188997.6518 0.039 0.0007 
1217734.8436 0.043000000000000003 0.0017000000000000001 
1208106.9411 0.047 0.0001 
1124194.9858 0.051000000000000004 0.00030000000000000003 
1128370.3909 0.055 0.0007 
1071325.1777 0.059000000000000004 0.0001 
1190534.9538 0.063 0.0015 
1143881.623 0.067 0.0007 
1240651.0657 0.07100000000000001 0.00030000000000000003 
1159175.9406 0.075 0.00030000000000000003 
1186987.077 0.079 0.0009000000000000001 
