1619255.9191 0.015 0.0007 
1441585.3817 0.019 0.0001 
1352692.639 0.023 0.0005 
1413850.6026 0.027 0.0009000000000000001 
1200461.0155 0.031 0.0005 
1329124.6652 0.035 0.00030000000000000003 
1259889.5177 0.039 0.00030000000000000003 
1161228.8713 0.043000000000000003 0.0001 
1266757.1257 0.047 0.0011 
1225694.0386 0.051000000000000004 0.0005 
1107956.6113 0.055 0.00030000000000000003 
1246956.447 0.059000000000000004 0.0009000000000000001 
1165051.1547 0.063 0.0001 
1209298.8444 0.067 0.0011 
1216802.8133 0.07100000000000001 0.0007 
1193329.7887 0.075 0.0015 
1351072.1009 0.079 0.0005 
