1376055.2951 0.015 0.0001 
1209825.9295 0.019 0.00030000000000000003 
1153445.9941 0.023 0.00030000000000000003 
1178699.4794 0.027 0.0005 
1156667.7661 0.031 0.00030000000000000003 
1086362.82725 0.035 0.0005 
1043757.88965 0.039 0.0005 
979388.2874 0.043000000000000003 0.0009000000000000001 
1052793.2204 0.047 0.0007 
1088657.095 0.051000000000000004 0.0005 
952846.8582 0.055 0.0007 
1044271.5295 0.059000000000000004 0.0005 
962810.1348 0.063 0.00030000000000000003 
1022457.2015 0.067 0.0005 
1025747.0155 0.07100000000000001 0.0005 
1004516.8656 0.075 0.0001 
1005884.4514 0.079 0.0009000000000000001 
