1495280.2276 0.015 0.0009000000000000001 
1349369.1443 0.019 0.0007 
1317685.2116 0.023 0.0009000000000000001 
1230486.9664 0.027 0.0001 
1228653.1176 0.031 0.0017000000000000001 
1111898.3492 0.035 0.0005 
1074513.0189 0.039 0.0005 
1219221.663 0.043000000000000003 0.0007 
1156187.05106 0.047 0.0001 
1055951.80076 0.051000000000000004 0.00030000000000000003 
1072300.403 0.055 0.0019 
1145313.0355 0.059000000000000004 0.0013000000000000002 
1099627.8419 0.063 0.0001 
1080868.7847 0.067 0.0011 
1132859.37186 0.07100000000000001 0.0015 
973257.8307 0.075 0.0001 
913745.9565 0.079 0.0005 
