269642.02 0.01 0.001 
269642.02 0.03 0.001 
269642.02 0.05 0.001 
269642.02 0.07 0.003 
269642.02 0.09 0.003 
269642.02 0.11 0.003 
269642.02 0.13 0.001 
269642.02 0.15 0.019 
269642.02 0.17 0.011 
269642.02 0.19 0.003 
269642.02 0.21 0.005 
269642.02 0.23 0.005 
269642.02 0.25 0.009000000000000001 
269642.02 0.27 0.001 
269642.02 0.29 0.007 
269642.02 0.31 0.015 
269642.02 0.33 0.013000000000000001 
269642.02 0.35000000000000003 0.009000000000000001 
269642.02 0.37 0.017 
269642.02 0.39 0.001 
